rr: 0.331027222139
B: 0.221556886226
D: 0.245652173913
G: 0.234234234235
N: 0.217872968981
Y: 0.4
a: 0.3610439826
c: 0.404938271605
b: 0.195075757576
e: 0.402985074627
d: 0.410090556274
g: 0.289473684211
f: 0.299999999999
i: 0.253804017042
k: 0.344429347825
m: 0.157434402331
l: 0.273124544793
o: 0.400124378109
n: 0.423850574713
p: 0.311653835944
s: 0.295833333333
r: 0.344528083381
u: 0.370123203285
t: 0.304150453957
w: 0.159999999998
y: 0.322395209581
x: 0.205084745763
z: 0.2407221665
