rr: 0.329938900204
B: 0.221556886227
D: 0.245395719264
G: 0.234234234234
N: 0.219350073855
Y: 0.4
a: 0.36119873817
c: 0.404938271605
b: 0.195075757576
e: 0.402903501281
d: 0.409958258795
g: 0.289473684212
f: 0.3
i: 0.253770066483
k: 0.344429347825
m: 0.158008658009
l: 0.273535622985
o: 0.401180908644
n: 0.424369747899
p: 0.311383358857
s: 0.295833333333
r: 0.34412907081
u: 0.371149897331
t: 0.304150453956
w: 0.159999999999
y: 0.322869955157
x: 0.205084745763
z: 0.2407221665
