rr: 0.329938900204
B: 0.221556886227
D: 0.245652173913
G: 0.234234234235
N: 0.218441273326
Y: 0.4
a: 0.3610439826
c: 0.404938271605
b: 0.195075757576
e: 0.403038595829
d: 0.410090556274
g: 0.289473684211
f: 0.299999999999
i: 0.253634894992
k: 0.344429347825
m: 0.157434402333
l: 0.273124544793
o: 0.400096292731
n: 0.423586943478
p: 0.311653835944
s: 0.295833333333
r: 0.344465711834
u: 0.370725291244
t: 0.304150453957
w: 0.159999999998
y: 0.322299651568
x: 0.205084745763
z: 0.2407221665
