rr: 0.331799884991
B: 0.219626168224
D: 0.245395719262
G: 0.231726283049
N: 0.216704288939
Y: 0.4
a: 0.362493958433
c: 0.409523809523
b: 0.189873417721
e: 0.402189298858
d: 0.404494382023
g: 0.289740698985
f: 0.297653958944
i: 0.254442649436
k: 0.342417061611
m: 0.158892128279
l: 0.27458120903
o: 0.401540683679
n: 0.422268907564
p: 0.312315634218
s: 0.295833333333
r: 0.34428735193
u: 0.375256673511
t: 0.304383925606
w: 0.161999999999
y: 0.324041811846
x: 0.202614379086
z: 0.2407221665
