rr: 0.336400230017
B: 0.224299065421
D: 0.244915076536
G: 0.233281493002
N: 0.203073545555
Y: 0.396226415094
a: 0.360864092256
c: 0.390476190477
b: 0.179746835443
e: 0.399827784156
d: 0.393258426967
g: 0.290335001925
f: 0.3
i: 0.257050111584
k: 0.342807845986
m: 0.162646876933
l: 0.27603787327
o: 0.399133365431
n: 0.418204697987
p: 0.311406155703
s: 0.306022501655
r: 0.343835616438
u: 0.36929460581
t: 0.308988764045
w: 0.162853297443
y: 0.321646962903
x: 0.215254237288
z: 0.245737211635
