rr: 0.350305498982
B: 0.228971962617
D: 0.245395719263
G: 0.223950233281
N: 0.207674943567
Y: 0.400000000001
a: 0.365393910103
c: 0.390476190477
b: 0.185606060606
e: 0.401262916188
d: 0.415730337079
g: 0.283716283716
f: 0.3
i: 0.264353824305
k: 0.353940217392
m: 0.167285095857
l: 0.282168330956
o: 0.399004975124
n: 0.432746085011
p: 0.320458660229
s: 0.324970783015
r: 0.351506849315
u: 0.37037037037
t: 0.320363164721
w: 0.164199192463
y: 0.339721254355
x: 0.210169491525
z: 0.265797392177
