rr: 0.362525458248
B: 0.224299065421
D: 0.259333001493
G: 0.233281493001
N: 0.235795057937
Y: 0.349397590361
a: 0.3610439826
c: 0.419047619049
b: 0.205063291138
e: 0.424756764434
d: 0.393258426967
g: 0.256502242152
f: 0.300000000001
i: 0.269628727937
k: 0.37583383869
m: 0.183982683983
l: 0.289681898918
o: 0.415984593163
n: 0.445749440716
p: 0.336402569593
s: 0.353708057277
r: 0.360461821788
u: 0.377593360994
t: 0.326199740595
w: 0.18259954394
y: 0.369340597407
x: 0.213559322034
z: 0.268806419257
