rr: 0.369177688327
B: 0.225834046192
D: 0.250871080139
G: 0.231726283049
N: 0.227687206411
Y: 0.495575221239
a: 0.360077332044
c: 0.419047619048
b: 0.2
e: 0.424225028702
d: 0.413971539457
g: 0.300213349589
f: 0.299999999999
i: 0.260096930533
k: 0.371921182266
m: 0.190426170468
l: 0.283722837228
o: 0.418532338308
n: 0.443277310925
p: 0.334597156399
s: 0.377083333333
r: 0.363393198318
u: 0.366873065015
t: 0.33073929961
w: 0.16183682568
y: 0.360989187453
x: 0.191611058151
z: 0.253968253968
