B: 0.225834046193
D: 0.250871080138
G: 0.231726283049
i: 0.260904684975
m: 0.190962099125
s: 0.376704169424
b: 0.199999999999
w: 0.16183682568
Avg 0.27516855784
