B: 0.221962616823
D: 0.248382279741
G: 0.227060653188
i: 0.257050111585
m: 0.163265306122
s: 0.328427026068
b: 0.174242424242
w: 0.158000000001
Avg 0.253115480027
