B: 0.224299065421
D: 0.240915878546
G: 0.233281493
i: 0.254006897951
m: 0.155498020104
s: 0.3
b: 0.189393939394
w: 0.155999999999
Avg 0.242255075809
