B: 0.235981308411
D: 0.252862120458
G: 0.233281493001
i: 0.259484682491
m: 0.164723032071
s: 0.304166666667
b: 0.183111954459
w: 0.167999999999
Avg 0.24872680459
