rr: 0.333571769194
B: 0.223267750214
D: 0.245893479344
G: 0.233281493001
N: 0.214446952595
Y: 0.399999999999
a: 0.362824058596
c: 0.397590361446
b: 0.1875
e: 0.401657853366
d: 0.404494382023
g: 0.289473684211
f: 0.296187683284
i: 0.254055082529
k: 0.342391304349
m: 0.157434402334
l: 0.274581209032
o: 0.400577756379
n: 0.424194089993
p: 0.313053097345
s: 0.2987425546
r: 0.344383561644
u: 0.375518672199
t: 0.306744487678
w: 0.161507402423
y: 0.32433127572
x: 0.202614379086
z: 0.243386243386
