rr: 0.331975560082
B: 0.226689478186
D: 0.244897959184
G: 0.233526011561
N: 0.212189616252
Y: 0.399999999999
a: 0.360607255521
c: 0.409523809523
b: 0.185926599939
e: 0.400175793626
d: 0.404494382023
g: 0.289740698985
f: 0.297653958944
i: 0.254412659769
k: 0.343676814988
m: 0.157403386887
l: 0.276037873269
o: 0.398651901782
n: 0.420168067227
p: 0.312613156307
s: 0.300330906685
r: 0.345051585785
u: 0.3755186722
t: 0.30670873464
w: 0.161507402423
y: 0.324500611496
x: 0.202614379085
z: 0.2407221665
