rr: 0.334012219959
B: 0.228971962617
D: 0.246391239422
G: 0.236391912907
N: 0.208271787297
Y: 0.406015037594
a: 0.35911068149
c: 0.409523809523
b: 0.184810126582
e: 0.399827784156
d: 0.404494382024
g: 0.291995490417
f: 0.297653958944
i: 0.255224183404
k: 0.344429347826
m: 0.159554730983
l: 0.276435770277
o: 0.400547805297
n: 0.418067226891
p: 0.311848341231
s: 0.299999999999
r: 0.345051585786
u: 0.375518672199
t: 0.307351940095
w: 0.161507402423
y: 0.325783972125
x: 0.209150326798
z: 0.243386243386
