rr: 0.33525014376
B: 0.228971962617
D: 0.245893479343
G: 0.236391912908
N: 0.207674943567
Y: 0.406015037594
a: 0.35862735621
c: 0.407407407407
b: 0.185623293904
e: 0.398966704936
d: 0.404494382021
g: 0.293122886133
f: 0.296187683284
i: 0.255244256291
k: 0.345108695652
m: 0.158627087198
l: 0.27603787327
o: 0.399875621891
n: 0.41806722689
p: 0.309595654798
s: 0.301721986523
r: 0.345051585785
u: 0.372689938398
t: 0.30739299611
w: 0.161507402423
y: 0.322054626987
x: 0.212969058591
z: 0.238716148446
