rr: 0.336048879837
B: 0.225616105519
D: 0.245395719262
G: 0.236391912908
N: 0.207674943568
Y: 0.4
a: 0.359110681487
c: 0.4
b: 0.185639229422
e: 0.398603378315
d: 0.404494382021
g: 0.295377677565
f: 0.297653958944
i: 0.256058158318
k: 0.344847775176
m: 0.158892128279
l: 0.27603787327
o: 0.400577756379
n: 0.418067226891
p: 0.309952606635
s: 0.302083333332
r: 0.344669468858
u: 0.373443983402
t: 0.30804150454
w: 0.162853297443
y: 0.320557491288
x: 0.215686274509
z: 0.238095238095
