rr: 0.336753983257
B: 0.225834046193
D: 0.243902439026
G: 0.234836702956
N: 0.205417607224
Y: 0.377358490566
a: 0.359269148443
c: 0.4
b: 0.182415361294
e: 0.399373754626
d: 0.399741267788
g: 0.297632468997
f: 0.299120234604
i: 0.256865912762
k: 0.345108695651
m: 0.161311333044
l: 0.277494537508
o: 0.399212727571
n: 0.420168067225
p: 0.309004739337
s: 0.302083333334
r: 0.345051585786
u: 0.372689938398
t: 0.307351940095
w: 0.162510056315
y: 0.320016306563
x: 0.210169491525
z: 0.244890890197
