rr: 0.335825186889
B: 0.224299065421
D: 0.245395719263
G: 0.233526011561
N: 0.206581352834
Y: 0.377358490566
a: 0.360467249709
c: 0.4
b: 0.181818181818
e: 0.399418567907
d: 0.397153945666
g: 0.289473684211
f: 0.299999999999
i: 0.258470277947
k: 0.345788043479
m: 0.162244897959
l: 0.277242044359
o: 0.398880597015
n: 0.418067226892
p: 0.309957173448
s: 0.304698874917
r: 0.344287351929
u: 0.371550137994
t: 0.308961052307
w: 0.162
y: 0.320557491287
x: 0.21186440678
z: 0.243386243386
