rr: 0.335825186889
B: 0.224299065421
D: 0.245395719261
G: 0.233526011561
N: 0.206581352834
Y: 0.377358490566
a: 0.360077332046
c: 0.4
b: 0.181818181818
e: 0.399339664941
d: 0.397153945666
g: 0.289473684211
f: 0.299999999999
i: 0.258472514999
k: 0.345788043479
m: 0.162244897959
l: 0.276766205391
o: 0.398651901782
n: 0.418067226891
p: 0.309957173448
s: 0.304831237591
r: 0.344287351929
u: 0.371550137994
t: 0.308713410483
w: 0.162
y: 0.320557491289
x: 0.21186440678
z: 0.243386243386
