rr: 0.373778033352
B: 0.237768848972
D: 0.253260869565
G: 0.225225225225
N: 0.223476297968
Y: 0.418719211823
a: 0.359424290221
c: 0.380952380953
b: 0.184810126581
e: 0.402199330089
d: 0.382923673997
g: 0.287485907554
f: 0.3
i: 0.258779475762
k: 0.350396628656
m: 0.164502164502
l: 0.281864530226
o: 0.39961482908
n: 0.4243697479
p: 0.321327014218
s: 0.305588144489
r: 0.343141001147
u: 0.376796714579
t: 0.321011673153
w: 0.170000000001
y: 0.33275261324
x: 0.213559322034
z: 0.26455026455
Avg 0.334692216382
