rr: 0.352342158859
B: 0.228971962617
D: 0.246237828268
G: 0.238733252132
N: 0.218961625283
Y: 0.427184466019
a: 0.3588338003
c: 0.399999999999
b: 0.191287878788
e: 0.404836368839
d: 0.415730337079
g: 0.286358511838
f: 0.218475073314
i: 0.253601136133
k: 0.34375
m: 0.158591680947
l: 0.276766205391
o: 0.400746268657
n: 0.422268907563
p: 0.309530130077
s: 0.294374586367
r: 0.343954825048
u: 0.370123203285
t: 0.304969366916
w: 0.160115052733
y: 0.323685283327
x: 0.202614379085
z: 0.248677248677
Avg 0.330539420182
