rr: 0.33237492812
B: 0.223267750214
D: 0.242409158786
G: 0.227060653189
N: 0.212189616254
Y: 0.330827067669
a: 0.355244079265
c: 0.37142857143
b: 0.172592888534
e: 0.404009691672
d: 0.415730337078
g: 0.283670448939
f: 0.284457478006
i: 0.258481421648
k: 0.346467391305
m: 0.158892128279
l: 0.274702747027
o: 0.395765977235
n: 0.407857941834
p: 0.30023891691
s: 0.34049931911
r: 0.337802768166
u: 0.337782340862
t: 0.302162595114
w: 0.158299743496
y: 0.315331010452
x: 0.184745762712
z: 0.249749247743
Avg 0.329695980599
