rr: 0.344195519348
B: 0.236515228858
D: 0.236956521739
G: 0.22972972973
N: 0.218181818182
Y: 0.336283185841
a: 0.360916044192
c: 0.392592592593
b: 0.186806771745
e: 0.40360479381
d: 0.407503234153
g: 0.27733934611
f: 0.294721407625
i: 0.256865912762
k: 0.345788043477
m: 0.154916512059
l: 0.278222869629
o: 0.401517005138
n: 0.426470588236
p: 0.311467819108
s: 0.304166666668
r: 0.339452054795
u: 0.360945387793
t: 0.301556420234
w: 0.156000000001
y: 0.319607619482
x: 0.191525423729
z: 0.248677248677
Avg 0.330924192892
