rr: 0.362525458248
B: 0.220701454236
D: 0.244529832426
G: 0.234836702955
N: 0.225193956717
Y: 0.365079365079
a: 0.356210729821
c: 0.385185185185
b: 0.170968721531
e: 0.411308840412
d: 0.413894736842
g: 0.260428410372
f: 0.3
i: 0.258656353989
k: 0.349531615925
m: 0.161807580175
l: 0.271897289586
o: 0.406938815855
n: 0.420168067226
p: 0.300543150272
s: 0.327083333333
r: 0.346197936568
u: 0.344455852156
t: 0.299243885503
w: 0.158815612382
y: 0.339584182634
x: 0.176470588236
z: 0.251755265797
Avg 0.333839236006
