rr: 0.360523038605
B: 0.236099230111
D: 0.251866600298
G: 0.220720720721
N: 0.221218961626
Y: 0.4
a: 0.360077332043
c: 0.377916666667
b: 0.189393939394
e: 0.401506228361
d: 0.359550561799
g: 0.290868094701
f: 0.299999999999
i: 0.259281801582
k: 0.346995427825
m: 0.160791589363
l: 0.276766205391
o: 0.402022147327
n: 0.418067226889
p: 0.31784660767
s: 0.295301125083
r: 0.344465711835
u: 0.37603427896
t: 0.309338521402
w: 0.163796262367
y: 0.329268292684
x: 0.21186440678
z: 0.253968253968
Avg 0.33183302117
