rr: 0.399729520866
B: 0.226635514019
D: 0.25037332006
G: 0.242774566474
N: 0.253567508233
Y: 0.493150684932
a: 0.361571906355
c: 0.42857142857
b: 0.2
e: 0.42455411909
d: 0.40932642487
g: 0.297702297702
f: 0.400000000001
i: 0.261712439418
k: 0.370244565218
m: 0.189523809524
l: 0.284952849528
o: 0.423756218905
n: 0.441137912952
p: 0.333300800312
s: 0.385559566787
r: 0.35995414597
u: 0.383817427385
t: 0.333900612662
w: 0.166
y: 0.364790419162
x: 0.195574162679
z: 0.26712496931
Avg 0.354412116938
