rr: 0.334012219959
B: 0.228971962617
D: 0.254347826087
G: 0.241057542768
N: 0.212189616253
Y: 0.44578313253
a: 0.354760753986
c: 0.371428571429
b: 0.179924242424
e: 0.417359494513
d: 0.426966292134
g: 0.271929824562
f: 0.360277136259
i: 0.273822626426
k: 0.355386416862
m: 0.166610906658
l: 0.279363548698
o: 0.408084577114
n: 0.414238083477
p: 0.305213270142
s: 0.318332230311
r: 0.355890410959
u: 0.36929460581
t: 0.300259403374
w: 0.172274562584
y: 0.342091473913
x: 0.215686274509
z: 0.243386243386
Avg 0.337159735906
