rr: 0.338125359403
B: 0.223267750213
D: 0.242906918866
G: 0.229508196721
N: 0.205417607224
Y: 0.396226415094
a: 0.362010633156
c: 0.382716049383
b: 0.172348484848
e: 0.400975889782
d: 0.384951881015
g: 0.290868094701
f: 0.3
i: 0.255351269747
k: 0.343396226415
m: 0.167638483966
l: 0.280407865987
o: 0.397207510833
n: 0.415687919463
p: 0.309595654798
s: 0.310416666666
r: 0.342739726027
u: 0.381481481481
t: 0.306671204901
w: 0.162853297443
y: 0.322299651568
x: 0.209150326798
z: 0.248677248677
