rr: 0.350305498982
B: 0.222423692959
D: 0.241911398706
G: 0.220839813375
N: 0.207674943566
Y: 0.4
a: 0.361043982601
c: 0.386274509804
b: 0.177215189873
e: 0.40311421293
d: 0.384217335058
g: 0.28297632469
f: 0.299999999999
i: 0.259289176091
k: 0.347826086956
m: 0.169096209912
l: 0.278951201749
o: 0.398170438132
n: 0.420441834452
p: 0.315630657815
s: 0.31875
r: 0.343905235002
u: 0.381836945304
t: 0.306132165302
w: 0.162514827995
y: 0.326726131483
x: 0.208474576271
z: 0.248677248677
