rr: 0.346751006326
B: 0.223267750215
D: 0.24347826087
G: 0.221030042918
N: 0.212952799122
Y: 0.4
a: 0.362085962145
c: 0.380952380953
b: 0.176024279211
e: 0.403120837298
d: 0.389391979301
g: 0.289473684211
f: 0.299999999999
i: 0.259078920674
k: 0.354619565217
m: 0.166180758018
l: 0.282592862345
o: 0.401479250631
n: 0.425055928412
p: 0.312608193883
s: 0.320833333333
r: 0.344201702858
u: 0.38501026694
t: 0.308032675289
w: 0.161507402423
y: 0.337979094076
x: 0.21186440678
z: 0.258776328986
