rr: 0.354378818737
B: 0.230583257782
D: 0.242391304348
G: 0.219240506329
N: 0.203160270881
Y: 0.346405228758
a: 0.364353312303
c: 0.393434343434
b: 0.179924242424
e: 0.402000566198
d: 0.397115384615
g: 0.289473684212
f: 0.3
i: 0.259289176091
k: 0.357142857143
m: 0.168895144265
l: 0.284777858702
o: 0.401540683678
n: 0.425171126322
p: 0.307850766766
s: 0.32
r: 0.349254871991
u: 0.379876796715
t: 0.313478556841
w: 0.158815612382
y: 0.339069937752
x: 0.21568627451
z: 0.248677248677
