rr: 0.355327016409
B: 0.233532934131
D: 0.245716562625
G: 0.216174183514
N: 0.203073545555
Y: 0.418300653595
a: 0.363460608991
c: 0.397530864198
b: 0.184011026878
e: 0.402283665188
d: 0.393258426967
g: 0.280701754388
f: 0.299999999999
i: 0.261712439418
k: 0.354983660131
m: 0.169202226345
l: 0.283321194465
o: 0.401540683678
n: 0.424369747899
p: 0.308388654194
s: 0.316666666666
r: 0.349842413327
u: 0.385523613963
t: 0.316541865214
w: 0.16452913155
y: 0.338768854464
x: 0.222033898305
z: 0.259259259259
