rr: 0.348476135711
B: 0.235243798117
D: 0.245982202152
G: 0.215477458289
N: 0.203073545554
Y: 0.424836601307
a: 0.366072991129
c: 0.395061728395
b: 0.187341772152
e: 0.40369916014
d: 0.399741267788
g: 0.283459162663
f: 0.299999999999
i: 0.260701967945
k: 0.356657608696
m: 0.169096209913
l: 0.283880171184
o: 0.400226912619
n: 0.428571428571
p: 0.315027157514
s: 0.316666666667
r: 0.352054794521
u: 0.373716632444
t: 0.317952193199
w: 0.163518117064
y: 0.343660823481
x: 0.21568627451
z: 0.263791374121
