rr: 0.340425531916
B: 0.231822070146
D: 0.245893479344
G: 0.215713621571
N: 0.205417607224
Y: 0.4
a: 0.365309446254
c: 0.377419354839
b: 0.1875
e: 0.402283665188
d: 0.399038461539
g: 0.28308948622
f: 0.299999999999
i: 0.261084629913
k: 0.354215456674
m: 0.169897959184
l: 0.281312410842
o: 0.400870646766
n: 0.424369747898
p: 0.315639810427
s: 0.319789171059
r: 0.349863013699
u: 0.374484384207
t: 0.317769130997
w: 0.160498561841
y: 0.342845495312
x: 0.215686274509
z: 0.26455026455
