rr: 0.343336391037
B: 0.2283203125
D: 0.243404678944
G: 0.217721518987
N: 0.203840472674
Y: 0.4
a: 0.364305636635
c: 0.380952380952
b: 0.18880455408
e: 0.401549942594
d: 0.408105022831
g: 0.283408071749
f: 0.297653958944
i: 0.262141464111
k: 0.355386416862
m: 0.166443626631
l: 0.281864530225
o: 0.400995024876
n: 0.429670022371
p: 0.312796208531
s: 0.321753159451
r: 0.348767123288
u: 0.369294605809
t: 0.319714656289
w: 0.158815612382
y: 0.345628742515
x: 0.222222222221
z: 0.26780341023
