rr: 0.348145285935
B: 0.230966638152
D: 0.24347826087
G: 0.221965317919
N: 0.207674943566
Y: 0.4
a: 0.364910584824
c: 0.388235294118
b: 0.191594561187
e: 0.402123995408
d: 0.370786516852
g: 0.280701754385
f: 0.284457478006
i: 0.260096930532
k: 0.352581521738
m: 0.17192331478
l: 0.279599041735
o: 0.404636652802
n: 0.413865546219
p: 0.315639810427
s: 0.308272667108
r: 0.343530384456
u: 0.377593360996
t: 0.315823605707
w: 0.162853297443
y: 0.332653893192
x: 0.225102943419
z: 0.249749247742
