rr: 0.354378818737
B: 0.231308411215
D: 0.247386759582
G: 0.22972972973
N: 0.20993227991
Y: 0.4
a: 0.367327211213
c: 0.38024691358
b: 0.188163884674
e: 0.404141370781
d: 0.372574385511
g: 0.280701754386
f: 0.275659824047
i: 0.262337986042
k: 0.355978260869
m: 0.171068427371
l: 0.280407865987
o: 0.407799711121
n: 0.417785234899
p: 0.316480723062
s: 0.313964262078
r: 0.343075917453
u: 0.377593360995
t: 0.319066147861
w: 0.164199192463
y: 0.33101045296
x: 0.235294117647
z: 0.245466847091
