rr: 0.354378818737
B: 0.229255774167
D: 0.240217391304
G: 0.22972972973
N: 0.216704288939
Y: 0.439306358382
a: 0.369858258605
c: 0.382716049383
b: 0.189518263632
e: 0.404454090781
d: 0.38202247191
g: 0.289473684212
f: 0.263929618768
i: 0.263605671843
k: 0.352459016393
m: 0.172011661806
l: 0.280407865987
o: 0.40684079602
n: 0.426470588234
p: 0.317632946821
s: 0.322916666666
r: 0.347671232876
u: 0.375518672201
t: 0.319714656291
w: 0.162134944612
y: 0.339721254356
x: 0.233898305085
z: 0.248677248677
