rr: 0.356938483548
B: 0.230966638151
D: 0.241911398705
G: 0.233281493001
N: 0.209659714599
Y: 0.430051813472
a: 0.372643789271
c: 0.395061728395
b: 0.187341772152
e: 0.403272101035
d: 0.374342797056
g: 0.293122886133
f: 0.274193548387
i: 0.266558966075
k: 0.354619565217
m: 0.17055393586
l: 0.279230179682
o: 0.409922219886
n: 0.426470588235
p: 0.321327014217
s: 0.324288550629
r: 0.349128771781
u: 0.376257148491
t: 0.323883928571
w: 0.165545087483
y: 0.338361190379
x: 0.228758169935
z: 0.256770310932
