rr: 0.358826912019
B: 0.228971962617
D: 0.239422598308
G: 0.225225225225
N: 0.211855104281
Y: 0.43842364532
a: 0.373422712934
c: 0.393442622951
b: 0.185606060606
e: 0.404707233064
d: 0.370786516855
g: 0.287485907554
f: 0.3
i: 0.267366720517
k: 0.355298913043
m: 0.172927578111
l: 0.279679533867
o: 0.411169956668
n: 0.420168067226
p: 0.321327014219
s: 0.329166666667
r: 0.348872755064
u: 0.371369294605
t: 0.323349217154
w: 0.168
y: 0.340738683699
x: 0.238983050847
z: 0.262318160488
