rr: 0.361631753032
B: 0.224978614201
D: 0.244565217391
G: 0.225225225225
N: 0.21670428894
Y: 0.43842364532
a: 0.371944006309
c: 0.387654320988
b: 0.18883528601
e: 0.405281285878
d: 0.375161707633
g: 0.274536719286
f: 0.299999999999
i: 0.267677533485
k: 0.361413043479
m: 0.170663265306
l: 0.281864530226
o: 0.406836783824
n: 0.426094890511
p: 0.324170616114
s: 0.330244870946
r: 0.351165456631
u: 0.371369294606
t: 0.320626276378
w: 0.170928667564
y: 0.34843205575
x: 0.229379891631
z: 0.257773319958
