rr: 0.370327774581
B: 0.226675015654
D: 0.243114909782
G: 0.225225225225
N: 0.216704288941
Y: 0.440414507772
a: 0.368197949527
c: 0.390476190475
b: 0.19696969697
e: 0.404195586056
d: 0.384217335058
g: 0.265551489806
f: 0.3
i: 0.267216962046
k: 0.364754098361
m: 0.180391037534
l: 0.281864530227
o: 0.406094527363
n: 0.431907158837
p: 0.327097163549
s: 0.325000000001
r: 0.350019105847
u: 0.378850102669
t: 0.320966643975
w: 0.171857823379
y: 0.341463414634
x: 0.228758169934
z: 0.25831202046
