rr: 0.370721497168
B: 0.221962616822
D: 0.247386759581
G: 0.233281493001
N: 0.22347629797
Y: 0.444444444444
a: 0.364427259545
c: 0.372043010753
b: 0.200089325592
e: 0.404269854825
d: 0.393258426967
g: 0.278721278721
f: 0.280058651026
i: 0.267366720517
k: 0.366510538642
m: 0.180758017493
l: 0.285112844227
o: 0.407003444317
n: 0.420168067226
p: 0.327014218009
s: 0.322916666667
r: 0.349400020167
u: 0.376796714579
t: 0.326072157931
w: 0.164
y: 0.338768854464
x: 0.209150326798
z: 0.260782347042
