rr: 0.350201265094
B: 0.236852833266
D: 0.252645954251
G: 0.233281493001
N: 0.218809980806
Y: 0.420765027322
a: 0.359110681488
c: 0.387654320988
b: 0.184810126581
e: 0.403245089667
d: 0.370786516853
g: 0.279594137543
f: 0.285923753666
i: 0.259289176091
k: 0.351288056206
m: 0.16472303207
l: 0.281136198105
o: 0.399875621891
n: 0.426470588236
p: 0.322269161135
s: 0.303782859585
r: 0.344287351929
u: 0.36929460581
t: 0.320626276379
w: 0.167999999999
y: 0.332752613241
x: 0.209150326797
z: 0.263249047454
