rr: 0.348928835262
B: 0.235981308411
D: 0.251777878651
G: 0.233670653174
N: 0.218961625283
Y: 0.420765027322
a: 0.359900434379
c: 0.387654320988
b: 0.184810126581
e: 0.402698048219
d: 0.370786516854
g: 0.280701754386
f: 0.285923753666
i: 0.259289176091
k: 0.351288056206
m: 0.163883735312
l: 0.281136198106
o: 0.399133365432
n: 0.426470588235
p: 0.321665660833
s: 0.305095962939
r: 0.343905235002
u: 0.369096509241
t: 0.320626276378
w: 0.166605905942
y: 0.334210031937
x: 0.210169491525
z: 0.259779338014
