rr: 0.349626221965
B: 0.235629841011
D: 0.252862120459
G: 0.233281493
N: 0.218961625284
Y: 0.420765027322
a: 0.358717479092
c: 0.39012345679
b: 0.184810126582
e: 0.403227328489
d: 0.370786516853
g: 0.279594137542
f: 0.285923753666
i: 0.259289176091
k: 0.3518735363
m: 0.164723032072
l: 0.281136198105
o: 0.4
n: 0.427714877039
p: 0.321665660833
s: 0.305065184869
r: 0.34423093644
u: 0.368818681319
t: 0.320966643975
w: 0.168
y: 0.332752613241
x: 0.209150326797
z: 0.263249047454
