rr: 0.346175963196
B: 0.236954662105
D: 0.250871080141
G: 0.23172628305
N: 0.221218961624
Y: 0.399999999999
a: 0.360077332044
c: 0.387654320988
b: 0.184810126583
e: 0.404554511813
d: 0.37128072445
g: 0.283716283716
f: 0.291788856305
i: 0.258673158856
k: 0.350543478259
m: 0.161807580175
l: 0.278222869629
o: 0.399502487562
n: 0.430672268908
p: 0.320379146919
s: 0.306250000001
r: 0.340848299579
u: 0.369294605808
t: 0.31971465629
w: 0.167527251865
y: 0.33000896459
x: 0.218644067797
z: 0.261836851112
