rr: 0.338085539715
B: 0.231187669991
D: 0.247884519663
G: 0.222395023327
N: 0.215466517232
Y: 0.358490566038
a: 0.362184542587
c: 0.382352941176
b: 0.184810126583
e: 0.40040183697
d: 0.363518758085
g: 0.290207715134
f: 0.274193548387
i: 0.259289176091
k: 0.35393258427
m: 0.169449598021
l: 0.27676620539
o: 0.402985074626
n: 0.422399328859
p: 0.314968469963
s: 0.302852128126
r: 0.345433702712
u: 0.369294605808
t: 0.319605173587
w: 0.165262000733
y: 0.324278795536
x: 0.225943396226
z: 0.253968253968
