rr: 0.360488798371
B: 0.224123182206
D: 0.2493777999
G: 0.234836702956
N: 0.21591541458
Y: 0.447154471545
a: 0.36213415488
c: 0.378431372549
b: 0.195075757576
e: 0.401836969002
d: 0.382022471911
g: 0.280701754387
f: 0.3
i: 0.264943457188
k: 0.370244565217
m: 0.17638483965
l: 0.281883024251
o: 0.406836783823
n: 0.420168067229
p: 0.327962085307
s: 0.32150893448
r: 0.34772640428
u: 0.383817427385
t: 0.324710687542
w: 0.165545087483
y: 0.342030167142
x: 0.223507757034
z: 0.260782347041
