rr: 0.369752731455
B: 0.225834046193
D: 0.25087108014
G: 0.231726283049
N: 0.227687206411
Y: 0.495575221239
a: 0.360173645148
c: 0.419047619048
b: 0.199999999999
e: 0.42445975276
d: 0.413971539457
g: 0.300213349589
f: 0.299999999999
i: 0.260904684975
k: 0.372282608696
m: 0.190962099124
l: 0.284049526582
o: 0.418074462851
n: 0.44381048019
p: 0.334597156398
s: 0.375
r: 0.362628964462
u: 0.367355371901
t: 0.330090791179
w: 0.160901045857
y: 0.361190379127
x: 0.191611058151
z: 0.253968253968
