rr: 0.399185336049
B: 0.273364485982
D: 0.289681842152
G: 0.29564553094
N: 0.243792325057
Y: 0.485436893204
a: 0.386238170347
c: 0.386991869919
b: 0.229166666666
e: 0.43021953138
d: 0.404494382024
g: 0.30777903044
f: 0.399999999999
i: 0.291316652441
k: 0.437546399406
m: 0.285714285713
l: 0.282266526758
o: 0.408762638421
n: 0.441176470588
p: 0.479179239589
s: 0.358333333334
r: 0.352311807414
u: 0.396265560167
t: 0.409005122675
w: 0.205999999999
y: 0.376306620208
x: 0.294117647059
z: 0.276830491474
Avg 0.37233020385
