rr: 0.344450833813
B: 0.231308411215
D: 0.243902439025
G: 0.220720720721
N: 0.207674943566
Y: 0.377358490566
a: 0.361100157729
c: 0.390322580645
b: 0.185606060606
e: 0.418484500573
d: 0.393258426967
g: 0.263157894737
f: 0.346041055718
i: 0.271570430305
k: 0.357728337237
m: 0.179621848739
l: 0.282387566479
o: 0.411651420316
n: 0.413865546219
p: 0.33071816536
s: 0.322916666667
r: 0.345205479452
u: 0.36704312115
t: 0.313987308303
w: 0.17
y: 0.355400696864
x: 0.189830508475
z: 0.232698094283
Avg 0.339267886189
