rr: 0.376782077393
B: 0.261682242991
D: 0.26847826087
G: 0.274255156608
N: 0.221218961625
Y: 0.503759398496
a: 0.370859621451
c: 0.390476190478
b: 0.217803030303
e: 0.426234213548
d: 0.365723029839
g: 0.327908868999
f: 0.293255131965
i: 0.291945627916
k: 0.405570652173
m: 0.250463821892
l: 0.281027104137
o: 0.407318247472
n: 0.42551405791
p: 0.430111986727
s: 0.342691292876
r: 0.354715174725
u: 0.391129032258
t: 0.377431906614
w: 0.203230148048
y: 0.346689895471
x: 0.313725490196
z: 0.245737211635
Avg 0.358967254106
