rr: 0.341000575045
B: 0.245327102804
D: 0.257608695652
G: 0.253164556962
N: 0.217028380634
Y: 0.430107526882
a: 0.365877235379
c: 0.37037037037
b: 0.209573847052
e: 0.415701088854
d: 0.426966292136
g: 0.32130777903
f: 0.299999999999
i: 0.277743964293
k: 0.387907608695
m: 0.221574344023
l: 0.278930945597
o: 0.39961482908
n: 0.413865546219
p: 0.394312796209
s: 0.308042976202
r: 0.343835616438
u: 0.377593360995
t: 0.34887678693
w: 0.185527876631
y: 0.348026217041
x: 0.245535714286
z: 0.222222222222
Avg 0.344940466734
