rr: 0.369752731454
B: 0.225834046193
D: 0.25037332006
G: 0.231726283049
N: 0.227687206411
Y: 0.495575221239
a: 0.360077332044
c: 0.419047619048
b: 0.199999999999
e: 0.424480500996
d: 0.413971539457
g: 0.300213349589
f: 0.299999999999
i: 0.260220272541
k: 0.371779859485
m: 0.190962099125
l: 0.283594864479
o: 0.41815920398
n: 0.443277310924
p: 0.334597156397
s: 0.375028157683
r: 0.363393198317
u: 0.367901234568
t: 0.330496936692
w: 0.160901045857
y: 0.361598043212
x: 0.191611058151
z: 0.253968253968
Avg 0.350680698817
