rr: 0.393075356416
B: 0.249786142001
D: 0.305624688899
G: 0.336381450033
N: 0.255079006772
Y: 0.333333333333
a: 0.389589905363
c: 0.44761904762
b: 0.265151515152
e: 0.433983926521
d: 0.426966292135
g: 0.344983089064
f: 0.3
i: 0.298061389337
k: 0.456088992974
m: 0.275606469003
l: 0.283321194465
o: 0.41355721393
n: 0.45427852349
p: 0.486255924171
s: 0.358333333334
r: 0.358356164384
u: 0.409937888199
t: 0.410036719706
w: 0.203423967774
y: 0.382275449102
x: 0.307189542485
z: 0.26455026455
Avg 0.377089419603
