rr: 0.386965376782
B: 0.280373831776
D: 0.277750124441
G: 0.291200483822
N: 0.23950617284
Y: 0.400000000001
a: 0.37747704205
c: 0.389003436426
b: 0.228915662651
e: 0.428730230913
d: 0.40362225097
g: 0.322190898107
f: 0.299120234604
i: 0.287482247921
k: 0.433101472995
m: 0.268221574343
l: 0.281136198105
o: 0.412437810945
n: 0.430648769575
p: 0.454028436018
s: 0.337500000001
r: 0.341230416508
u: 0.392710472279
t: 0.389753566796
w: 0.199999999999
y: 0.361598043212
x: 0.317631224764
z: 0.243731193581
Avg 0.363994352255
