B: 0.218990590248
D: 0.243902439024
G: 0.220809248555
i: 0.258776969233
m: 0.156084656085
s: 0.318750000001
b: 0.174683544305
w: 0.157101687937
Avg 0.248472066558
