B: 0.221556886226
D: 0.245652173913
G: 0.235838150289
i: 0.254211401106
m: 0.157434402333
s: 0.295833333333
b: 0.195075757576
w: 0.159999999999
Avg 0.24214969002
