B: 0.227544910181
D: 0.247826086957
G: 0.233281493002
i: 0.258673158856
m: 0.1625
s: 0.296360026472
b: 0.191287878788
w: 0.165898617512
Avg 0.244842914395
