rr: 0.332341860004
B: 0.235981308411
D: 0.245893479343
G: 0.234234234234
N: 0.212189616252
Y: 0.399999999999
a: 0.351053053645
c: 0.37037037037
b: 0.187341772153
e: 0.404241135202
d: 0.426966292136
g: 0.280721533258
f: 0.310810810811
i: 0.270597738289
k: 0.34918478261
m: 0.156771799629
l: 0.276342763428
o: 0.402645861601
n: 0.42582697201
p: 0.306415929204
s: 0.314583333332
r: 0.340821917808
u: 0.358921161825
t: 0.300907911802
w: 0.169582772544
y: 0.319515885023
x: 0.202614379084
z: 0.250723798494
Avg 0.331928401103
