rr: 0.352342158859
B: 0.232412965186
D: 0.246739130435
G: 0.225225225225
N: 0.206366630077
Y: 0.399999999998
a: 0.362010633157
c: 0.390476190476
b: 0.184810126582
e: 0.40267577569
d: 0.370786516855
g: 0.280701754387
f: 0.284457478006
i: 0.263200540175
k: 0.35444606414
m: 0.165739022882
l: 0.280741797432
o: 0.405597014925
n: 0.424369747899
p: 0.32037914692
s: 0.304166666667
r: 0.344404834362
u: 0.387577002053
t: 0.30804150454
w: 0.159617321249
y: 0.316754993885
x: 0.227118644068
z: 0.249749247744
