rr: 0.353076480736
B: 0.226635514019
D: 0.239130434783
G: 0.227060653188
N: 0.210212448751
Y: 0.424870466321
a: 0.367902208202
c: 0.387654320988
b: 0.184827586207
e: 0.401811833537
d: 0.376455368693
g: 0.286358511837
f: 0.284457478006
i: 0.262520193862
k: 0.353629976581
m: 0.164502164502
l: 0.280407865988
o: 0.406836783822
n: 0.425615212528
p: 0.323643854429
s: 0.314849014225
r: 0.347567817306
u: 0.385892116183
t: 0.313229571984
w: 0.166000000001
y: 0.329268292683
x: 0.228758169935
z: 0.243386243386
