rr: 0.351351351351
B: 0.227544910181
D: 0.240915878546
G: 0.225225225225
N: 0.216245883644
Y: 0.424870466321
a: 0.368777187046
c: 0.39696969697
b: 0.185777067519
e: 0.400114810564
d: 0.370786516853
g: 0.280701754386
f: 0.294721407625
i: 0.269264477853
k: 0.350710900474
m: 0.167989417989
l: 0.279600570613
o: 0.407318247472
n: 0.430672268909
p: 0.321665660833
s: 0.317140966248
r: 0.345051585786
u: 0.377136122569
t: 0.315823605708
w: 0.169582772544
y: 0.336636934258
x: 0.216949152542
z: 0.244734202608
