rr: 0.354378818737
B: 0.228971962617
D: 0.241942805266
G: 0.22239502333
N: 0.214446952596
Y: 0.399999999999
a: 0.369479495268
c: 0.39012345679
b: 0.184810126581
e: 0.401836969002
d: 0.373868046572
g: 0.28947368421
f: 0.297653958944
i: 0.268596295921
k: 0.34855233853
m: 0.167316926771
l: 0.279885877318
o: 0.406355320172
n: 0.428571428572
p: 0.319944114565
s: 0.31875
r: 0.345753424658
u: 0.365145228217
t: 0.315520762423
w: 0.169582772544
y: 0.339721254355
x: 0.228758169934
z: 0.246740220663
