rr: 0.358452138493
B: 0.224596925384
D: 0.238924838227
G: 0.230314064634
N: 0.214180206795
Y: 0.400000000001
a: 0.36641767679
c: 0.394623655914
b: 0.192405063291
e: 0.400301972256
d: 0.369987063389
g: 0.291995490418
f: 0.3
i: 0.266219885609
k: 0.353260869566
m: 0.167617046819
l: 0.283309557775
o: 0.40223880597
n: 0.421560402684
p: 0.316837658419
s: 0.322916666666
r: 0.348108521207
u: 0.369869551384
t: 0.315401785714
w: 0.16814159292
y: 0.344348792002
x: 0.235294117646
z: 0.251755265798
