rr: 0.353076480737
B: 0.224978614201
D: 0.241304347826
G: 0.225505443235
N: 0.211855104281
Y: 0.441314553991
a: 0.366843885934
c: 0.3875
b: 0.191287878788
e: 0.400301972256
d: 0.364812419146
g: 0.292707292707
f: 0.299999999999
i: 0.26494345719
k: 0.354619565219
m: 0.172011661807
l: 0.285021398003
o: 0.405348258706
n: 0.419043624161
p: 0.315639810427
s: 0.324999999999
r: 0.351780821918
u: 0.369294605808
t: 0.317562968005
w: 0.166000000001
y: 0.344947735192
x: 0.236272878536
z: 0.260363636364
