rr: 0.356415478615
B: 0.228971962617
D: 0.242409158784
G: 0.223950233282
N: 0.209222019094
Y: 0.441314553991
a: 0.36781053649
c: 0.378494623656
b: 0.19493670886
e: 0.401836969003
d: 0.370786516854
g: 0.287485907554
f: 0.3
i: 0.264943457188
k: 0.355298913043
m: 0.173469387755
l: 0.284232997865
o: 0.403948001926
n: 0.420168067228
p: 0.322274881517
s: 0.320052945069
r: 0.352876712329
u: 0.361263736263
t: 0.319714656291
w: 0.17
y: 0.34661692386
x: 0.235294117646
z: 0.259259259259
