rr: 0.363267294576
B: 0.225013804528
D: 0.246739130435
G: 0.228615863142
N: 0.207464324918
Y: 0.400000000001
a: 0.367327211214
c: 0.380952380953
b: 0.196416264645
e: 0.400114810564
d: 0.385510996119
g: 0.272283813747
f: 0.291788856305
i: 0.264946750554
k: 0.358899297424
m: 0.17599860457
l: 0.283321194465
o: 0.403466538276
n: 0.428691275168
p: 0.32606635071
s: 0.31875
r: 0.35423232778
u: 0.360995850622
t: 0.322184029614
w: 0.168177240685
y: 0.350174216028
x: 0.222222222223
z: 0.261071060762
