rr: 0.327774583093
B: 0.226407716371
D: 0.234782608696
G: 0.225505443234
N: 0.212189616254
Y: 0.318584070796
a: 0.360428296282
c: 0.399999999999
b: 0.175514626219
e: 0.403227328489
d: 0.393258426966
g: 0.272829763247
f: 0.3
i: 0.255021302496
k: 0.339673913044
m: 0.161807580175
l: 0.281075027996
o: 0.396019900498
n: 0.429171270718
p: 0.310802655401
s: 0.313831899404
r: 0.334352311807
u: 0.359856262834
t: 0.303501945524
w: 0.160096540628
y: 0.320016306563
x: 0.183050847458
z: 0.244734202608
