rr: 0.331975560081
B: 0.227370948379
D: 0.238043478261
G: 0.2230710466
N: 0.209932279911
Y: 0.339622641509
a: 0.362010633156
c: 0.4
b: 0.174362508615
e: 0.40355912744
d: 0.389391979301
g: 0.268801191363
f: 0.3
i: 0.252992493406
k: 0.344429347827
m: 0.161581137309
l: 0.280456490728
o: 0.399129353234
n: 0.424697783747
p: 0.309004739336
s: 0.322916666666
r: 0.338555598014
u: 0.360369609856
t: 0.30869001297
w: 0.161507402423
y: 0.324041811848
x: 0.189542483659
z: 0.252758274823
