rr: 0.336975273146
B: 0.227054991378
D: 0.242906918866
G: 0.220720720721
N: 0.216704288938
Y: 0.377358490566
a: 0.360410094638
c: 0.384210526316
b: 0.176136363636
e: 0.40415599203
d: 0.382923673997
g: 0.269447576099
f: 0.300000000001
i: 0.253634894992
k: 0.346018735363
m: 0.160349854228
l: 0.281359107553
o: 0.398507462686
n: 0.428831096197
p: 0.311027837259
s: 0.320833333335
r: 0.340273972603
u: 0.358316221766
t: 0.308941755537
w: 0.158000000001
y: 0.328094953916
x: 0.18813559322
z: 0.25720559978
