rr: 0.339850488788
B: 0.221962616822
D: 0.240178209802
G: 0.223950233281
N: 0.2104230877
Y: 0.333333333333
a: 0.361527307879
c: 0.390476190476
b: 0.179746835443
e: 0.405568312285
d: 0.379096545615
g: 0.278466741826
f: 0.300000000001
i: 0.25605815832
k: 0.347826086956
m: 0.161740558292
l: 0.279679533868
o: 0.397263681592
n: 0.420861297539
p: 0.310866860224
s: 0.325000000001
r: 0.344109589041
u: 0.360165118679
t: 0.306744487678
w: 0.158666178087
y: 0.328622754491
x: 0.202614379085
z: 0.256770310933
