rr: 0.33550253073
B: 0.222412318223
D: 0.240013656538
G: 0.224123539232
N: 0.207674943567
Y: 0.399999999999
a: 0.35985566632
c: 0.409523809523
b: 0.183712121212
e: 0.406510014795
d: 0.393258426965
g: 0.270574971815
f: 0.300000000001
i: 0.25605815832
k: 0.348505434783
m: 0.162028447743
l: 0.278951201747
o: 0.40009629273
n: 0.420168067227
p: 0.308259587021
s: 0.33125
r: 0.345753424658
u: 0.36704312115
t: 0.308690012971
w: 0.159161836826
y: 0.337351259465
x: 0.209150326798
z: 0.253761283852
