rr: 0.330649798737
B: 0.221962616822
D: 0.244803283076
G: 0.223950233283
N: 0.201456990754
Y: 0.424836601307
a: 0.36134636265
c: 0.425136612022
b: 0.184810126583
e: 0.406812559467
d: 0.393258426967
g: 0.280701754387
f: 0.3
i: 0.255245760276
k: 0.348946135831
m: 0.162414965986
l: 0.280171184023
o: 0.399129353234
n: 0.423098434004
p: 0.307181653591
s: 0.329166666666
r: 0.347726404279
u: 0.359342915811
t: 0.30804150454
w: 0.161419959812
y: 0.336236933799
x: 0.202614379086
z: 0.253968253968
