rr: 0.327199539966
B: 0.221962616822
D: 0.244897959185
G: 0.216216216216
N: 0.200726141079
Y: 0.399999999998
a: 0.362802016339
c: 0.428571428571
b: 0.1875
e: 0.407864523536
d: 0.398653198653
g: 0.273957158963
f: 0.300000000002
i: 0.256847230676
k: 0.352581521739
m: 0.166180758019
l: 0.281597717546
o: 0.397350993378
n: 0.4243697479
p: 0.308056872038
s: 0.325
r: 0.348108521206
u: 0.346473029045
t: 0.314840027229
w: 0.160161507402
y: 0.341946250791
x: 0.203389830508
z: 0.253968253968
