rr: 0.331799884991
B: 0.224123182206
D: 0.246888999503
G: 0.225225225225
N: 0.20316027088
Y: 0.399999999999
a: 0.364649053628
c: 0.419047619049
b: 0.189873417723
e: 0.405616924143
d: 0.402328589909
g: 0.264937993236
f: 0.299999999999
i: 0.258273454104
k: 0.355971896956
m: 0.165436387321
l: 0.280407865988
o: 0.395301873216
n: 0.426470588234
p: 0.310900473934
s: 0.32468563865
r: 0.347344287351
u: 0.355144032922
t: 0.318417639428
w: 0.161507402423
y: 0.343205574912
x: 0.209150326798
z: 0.258776328986
