rr: 0.348774251767
B: 0.235981308411
D: 0.252862120458
G: 0.233281493001
N: 0.218961625283
Y: 0.420765027322
a: 0.35876484745
c: 0.39012345679
b: 0.183111954459
e: 0.403272101032
d: 0.370786516853
g: 0.279594137543
f: 0.285923753666
i: 0.259791519077
k: 0.351288056206
m: 0.164723032071
l: 0.281136198106
o: 0.399875621891
n: 0.426470588236
p: 0.321500231517
s: 0.304166666668
r: 0.344109589041
u: 0.369505494505
t: 0.320966643975
w: 0.167999999999
y: 0.332752613241
x: 0.209150326797
z: 0.263249047454
Avg 0.333915718821
