rr: 0.368602645199
B: 0.225834046193
D: 0.251086956522
G: 0.231726283049
N: 0.227687206411
Y: 0.495575221239
a: 0.3598818008
c: 0.419047619048
b: 0.20198482195
e: 0.423938002297
d: 0.413971539457
g: 0.300213349589
f: 0.299999999999
i: 0.260701967945
k: 0.371967357741
m: 0.190962099125
l: 0.284165477889
o: 0.418213809004
n: 0.44537815126
p: 0.3345971564
s: 0.373899493572
r: 0.362246847536
u: 0.368312757202
t: 0.330156569095
w: 0.16183682568
y: 0.361413941196
x: 0.191611058151
z: 0.253968253968
Avg 0.350662533643
