rr: 0.342725704429
B: 0.221962616823
D: 0.24888003982
G: 0.227060653188
N: 0.218961625282
Y: 0.354838709677
a: 0.356694055099
c: 0.390476190476
b: 0.174242424242
e: 0.404420206659
d: 0.408796895213
g: 0.263157894738
f: 0.300000000001
i: 0.257182163956
k: 0.349154553545
m: 0.162613981763
l: 0.279212792128
o: 0.405087239857
n: 0.410234899329
p: 0.301421800948
s: 0.329166666666
r: 0.347397260274
u: 0.343429158111
t: 0.29766536965
w: 0.158000000001
y: 0.340399510803
x: 0.18700265252
z: 0.255282299965
Avg 0.332247541202
