rr: 0.327339496011
B: 0.224299065421
D: 0.240915878546
G: 0.233281493
N: 0.212952799122
Y: 0.336283185841
a: 0.360077332044
c: 0.391967871486
b: 0.189393939394
e: 0.402123995406
d: 0.404494382022
g: 0.276233183857
f: 0.3
i: 0.254006897951
k: 0.348301763553
m: 0.154518950438
l: 0.277494537508
o: 0.397207510832
n: 0.430089485459
p: 0.309723023658
s: 0.3
r: 0.339701948797
u: 0.360995850623
t: 0.301906058543
w: 0.155999999999
y: 0.320423970648
x: 0.189542483659
z: 0.249749247743
Avg 0.329575971053
