rr: 0.329938900204
B: 0.221556886226
D: 0.245652173913
G: 0.235838150289
N: 0.218441273326
Y: 0.4
a: 0.361043982602
c: 0.404938271605
b: 0.195075757576
e: 0.402985074628
d: 0.410090556274
g: 0.289473684212
f: 0.299999999999
i: 0.253691094182
k: 0.344429347825
m: 0.157434402333
l: 0.273124544793
o: 0.400118612237
n: 0.422539149889
p: 0.31148900871
s: 0.295833333333
r: 0.344287351929
u: 0.369609856263
t: 0.304150453956
w: 0.159999999999
y: 0.322299651568
x: 0.205084745763
z: 0.2407221665
Avg 0.330269460876
