rr: 0.348268839104
B: 0.227544910181
D: 0.247826086957
G: 0.233281493002
N: 0.214918759232
Y: 0.399999999999
a: 0.360560657323
c: 0.390476190476
b: 0.191287878788
e: 0.400688863376
d: 0.370786516854
g: 0.287485907554
f: 0.272727272727
i: 0.258673158856
k: 0.34718969555
m: 0.1625
l: 0.273852876913
o: 0.401741293532
n: 0.417133229653
p: 0.319251659626
s: 0.296360026472
r: 0.343835616438
u: 0.377593360997
t: 0.308482142857
w: 0.165898617512
y: 0.327526132404
x: 0.209150326796
z: 0.251148545176
Avg 0.331065654242
