B: 0.225422667502
D: 0.24888003982
G: 0.222395023328
i: 0.259825523878
m: 0.166180758018
s: 0.318067504963
b: 0.186176588094
w: 0.158815612382
Avg 0.25156879584
