B: 0.228971962617
D: 0.245395719263
G: 0.223950233281
i: 0.264353824305
m: 0.167285095857
s: 0.324818001324
b: 0.185606060606
w: 0.164199192463
Avg 0.255052902327
