B: 0.216424294267
D: 0.246739130435
G: 0.220839813376
i: 0.255250403878
m: 0.167638483966
s: 0.331250000001
b: 0.177215189874
w: 0.160161507402
Avg 0.253704239705
