B: 0.224299065421
D: 0.24650051212
G: 0.223594811612
i: 0.257920099487
m: 0.160173160173
s: 0.335416666666
b: 0.180814354727
w: 0.161290322581
Avg 0.255248864753
