B: 0.225834046192
D: 0.251086956522
G: 0.231726283049
i: 0.260904848854
m: 0.191326530612
s: 0.375
b: 0.199999999999
w: 0.16183682568
Avg 0.274715615073
