B: 0.224123182206
D: 0.2493777999
G: 0.234836702956
i: 0.265122190768
m: 0.17638483965
s: 0.32140077821
b: 0.195075757576
w: 0.165545087483
Avg 0.256482179553
