B: 0.227561196736
D: 0.244565217391
G: 0.234234234234
i: 0.265751211632
m: 0.178487788558
s: 0.309340369393
b: 0.198863636364
w: 0.168236877524
Avg 0.25309157919
