B: 0.230583257782
D: 0.242391304348
G: 0.219240506329
i: 0.259289176091
m: 0.168895144265
s: 0.318750000001
b: 0.179924242424
w: 0.158815612382
Avg 0.25131773346
