B: 0.224123182206
D: 0.23842707815
G: 0.2230710466
i: 0.253615642716
m: 0.165922619048
s: 0.337500000001
b: 0.176136363636
w: 0.162853297443
Avg 0.254702731292
