B: 0.230966638151
D: 0.241911398705
G: 0.233281493001
i: 0.266558966075
m: 0.170553935859
s: 0.324288550629
b: 0.187341772152
w: 0.165545087483
Avg 0.256084301393
