B: 0.221556886226
D: 0.245893479344
G: 0.216216216216
i: 0.261712439417
m: 0.158892128281
s: 0.333333333334
b: 0.17803030303
w: 0.158329971763
Avg 0.254580497294
