B: 0.228971962617
D: 0.241942805266
G: 0.22239502333
i: 0.268982229402
m: 0.167638483966
s: 0.31875
b: 0.184810126581
w: 0.169582772544
Avg 0.254105457575
