B: 0.224299065421
D: 0.242391304348
G: 0.230653158008
i: 0.252586731589
m: 0.167390360399
s: 0.32362673726
b: 0.179746835443
w: 0.162321539417
Avg 0.251161265725
