B: 0.231308411215
D: 0.247386759581
G: 0.22972972973
i: 0.262337986042
m: 0.171068427371
s: 0.313431578947
b: 0.188163884674
w: 0.164199192463
Avg 0.252242523524
