B: 0.222423692959
D: 0.241911398706
G: 0.220839813375
i: 0.259289176091
m: 0.169096209912
s: 0.31791480855
b: 0.177215189873
w: 0.162514827995
Avg 0.250660465477
