B: 0.227370948379
D: 0.238043478261
G: 0.2230710466
i: 0.2534214252
m: 0.161581137309
s: 0.320833333333
b: 0.174362508615
w: 0.161507402423
Avg 0.24880763757
