B: 0.226635514019
D: 0.239130434783
G: 0.227060653188
i: 0.262520193862
m: 0.164502164502
s: 0.316262841636
b: 0.184827586207
w: 0.166000000001
Avg 0.250814819089
