B: 0.224299065421
D: 0.245652173913
G: 0.217729393468
i: 0.258016061009
m: 0.15975242556
s: 0.330357549533
b: 0.175514626219
w: 0.15939904727
Avg 0.253048297555
