B: 0.198598130841
D: 0.18152173913
G: 0.16653934301
i: 0.258481421648
m: 0.145021645022
s: 0.296492389146
b: 0.125
w: 0.156
Avg 0.227697108265
