B: 0.20939621949
D: 0.189148830264
G: 0.167962674959
i: 0.257739364687
m: 0.147186147186
s: 0.299026100506
b: 0.13670886076
w: 0.154723806874
Avg 0.23059065568
