B: 0.214953271028
D: 0.192391304348
G: 0.174183514774
i: 0.254412659769
m: 0.147959183673
s: 0.302845797485
b: 0.142640364188
w: 0.152086137281
Avg 0.232115433814
