B: 0.222412318222
D: 0.201592832254
G: 0.183514774493
i: 0.255250403876
m: 0.150145772593
s: 0.302083333333
b: 0.153409090909
w: 0.152086137281
Avg 0.234626662641
