B: 0.226866971478
D: 0.207608695652
G: 0.189189189189
i: 0.254615540678
m: 0.151515151515
s: 0.300992720053
b: 0.162025316457
w: 0.149394347241
Avg 0.235675748717
