B: 0.222992254382
D: 0.213043478261
G: 0.193693693694
i: 0.255021302495
m: 0.153149955634
s: 0.300860357379
b: 0.163004394726
w: 0.149394347241
Avg 0.236547195109
