B: 0.221962616822
D: 0.217279467393
G: 0.200622083981
i: 0.253634894993
m: 0.152752009895
s: 0.299694288013
b: 0.164556962026
w: 0.150740242261
Avg 0.236562095065
