B: 0.221556886227
D: 0.219333193542
G: 0.198198198199
i: 0.25420977886
m: 0.154518950438
s: 0.298345466578
b: 0.164680390033
w: 0.15
Avg 0.236643815123
