B: 0.224123182207
D: 0.220009955201
G: 0.202702702703
i: 0.253445759689
m: 0.154916512059
s: 0.2987425546
b: 0.170454545455
w: 0.152086137281
Avg 0.237342321982
