B: 0.224978614201
D: 0.221503235441
G: 0.202702702703
i: 0.25282714055
m: 0.154518950438
s: 0.300000000001
b: 0.173825164224
w: 0.154
Avg 0.237963843974
