rr: 0.330649798735
B: 0.225185185185
D: 0.240955783832
G: 0.22972972973
N: 0.212952799122
Y: 0.330097087379
a: 0.360212933754
c: 0.395061728395
b: 0.186223000584
e: 0.401434368217
d: 0.38680465718
g: 0.280701754386
f: 0.300000000001
i: 0.254634935617
k: 0.346972176759
m: 0.156462585034
l: 0.278744650499
o: 0.397403227764
n: 0.426470588236
p: 0.312796208531
s: 0.304166666666
r: 0.341643835616
u: 0.363420803035
t: 0.304288631722
w: 0.155999999999
y: 0.317977986139
x: 0.196078431372
z: 0.248706896551
