rr: 0.331799884991
B: 0.229255774164
D: 0.238924838227
G: 0.22972972973
N: 0.216245883644
Y: 0.330097087379
a: 0.359818611987
c: 0.391967871486
b: 0.184810126583
e: 0.402593378304
d: 0.388098318241
g: 0.279594137542
f: 0.300000000001
i: 0.254615540678
k: 0.346467391306
m: 0.158606921029
l: 0.277494537508
o: 0.396726047184
n: 0.427876644191
p: 0.313216656608
s: 0.303904698875
r: 0.339647548017
u: 0.361396303901
t: 0.303267528931
w: 0.156
y: 0.318793314309
x: 0.196078431372
z: 0.248677248678
