rr: 0.330555242708
B: 0.227520139342
D: 0.238731532888
G: 0.22972972973
N: 0.217343578485
Y: 0.322580645161
a: 0.359594006765
c: 0.395061728395
b: 0.182278481014
e: 0.40269804822
d: 0.393258426965
g: 0.277339346111
f: 0.300000000001
i: 0.255250403877
k: 0.347826086956
m: 0.15889212828
l: 0.277888730385
o: 0.397139303483
n: 0.428571428571
p: 0.312358497931
s: 0.305890138981
r: 0.339452054795
u: 0.360320744956
t: 0.303501945525
w: 0.157999999999
y: 0.317977986139
x: 0.196078431372
z: 0.249137931034
