rr: 0.332337246531
B: 0.228770021154
D: 0.23752151463
G: 0.22861586314
N: 0.218441273326
Y: 0.320388349514
a: 0.358627356211
c: 0.395061728395
b: 0.182278481014
e: 0.402489429427
d: 0.393258426966
g: 0.275084554679
f: 0.300000000001
i: 0.255117239031
k: 0.347826086957
m: 0.160349854227
l: 0.278951201747
o: 0.39865190178
n: 0.430788590604
p: 0.313165611977
s: 0.303818729203
r: 0.337808219178
u: 0.358921161827
t: 0.303607896528
w: 0.158
y: 0.318815331012
x: 0.196078431371
z: 0.245635528331
