rr: 0.330649798734
B: 0.226635514019
D: 0.238043478261
G: 0.225225225226
N: 0.21670428894
Y: 0.320388349515
a: 0.360015772871
c: 0.392156862745
b: 0.184810126584
e: 0.401960088062
d: 0.393258426965
g: 0.278048780488
f: 0.300000000001
i: 0.25420977886
k: 0.346467391303
m: 0.161100803958
l: 0.27909303101
o: 0.398651901781
n: 0.43134787472
p: 0.311406155703
s: 0.300317460317
r: 0.337798289059
u: 0.360995850622
t: 0.304150453957
w: 0.156596173212
y: 0.318385650225
x: 0.196078431372
z: 0.248986682108
