rr: 0.328349626223
B: 0.226689478185
D: 0.237929318069
G: 0.225433526012
N: 0.218170185541
Y: 0.31067961165
a: 0.360077332044
c: 0.387654320987
b: 0.183712121212
e: 0.402478294542
d: 0.393258426966
g: 0.271929824561
f: 0.3
i: 0.254818421587
k: 0.345788043479
m: 0.161082343385
l: 0.279029957204
o: 0.399622765294
n: 0.426470588235
p: 0.312613156307
s: 0.304934799284
r: 0.337742868954
u: 0.360995850623
t: 0.303501945525
w: 0.158
y: 0.318636594879
x: 0.196078431374
z: 0.249217118998
