rr: 0.330074755605
B: 0.22722252899
D: 0.237431557989
G: 0.225433526012
N: 0.214446952595
Y: 0.320754716981
a: 0.359110681489
c: 0.387654320988
b: 0.184370257967
e: 0.401836969001
d: 0.393258426966
g: 0.271929824562
f: 0.300000000001
i: 0.255224183405
k: 0.344429347827
m: 0.160349854227
l: 0.279679533868
o: 0.398258706468
n: 0.425973909936
p: 0.310900473935
s: 0.304963600265
r: 0.33843944471
u: 0.358921161827
t: 0.303607896528
w: 0.158
y: 0.317073170733
x: 0.200892857143
z: 0.24563552833
