rr: 0.331224841863
B: 0.227191867853
D: 0.239920358386
G: 0.222395023329
N: 0.214446952597
Y: 0.320754716982
a: 0.359732965985
c: 0.385185185185
b: 0.183712121212
e: 0.403461252979
d: 0.393258426966
g: 0.271929824561
f: 0.3
i: 0.255582552355
k: 0.344368013758
m: 0.159928122192
l: 0.279315263909
o: 0.398631840796
n: 0.42687360179
p: 0.31148900871
s: 0.308333333335
r: 0.336837562043
u: 0.359310344828
t: 0.303437265214
w: 0.158815612382
y: 0.318136769078
x: 0.196078431372
z: 0.248677248677
