rr: 0.348268839104
B: 0.237810094099
D: 0.242062137248
G: 0.225409836066
N: 0.227116900926
Y: 0.411042944785
a: 0.358339905363
c: 0.380952380951
b: 0.187341772153
e: 0.420213267906
d: 0.393258426967
g: 0.273957158963
f: 0.300000000001
i: 0.269159181031
k: 0.357547169811
m: 0.182127396413
l: 0.277494537507
o: 0.417910447762
n: 0.422268907564
p: 0.32796208531
s: 0.316666666667
r: 0.342920816213
u: 0.365145228217
t: 0.314526588847
w: 0.174577634755
y: 0.34843205575
x: 0.202614379085
z: 0.232
Avg 0.339547042705
