rr: 0.413799188283
B: 0.26860564585
D: 0.267794922848
G: 0.286158631415
N: 0.243792325056
Y: 0.4
a: 0.371648264984
c: 0.399999999999
b: 0.215909090909
e: 0.430252583239
d: 0.365810451727
g: 0.324561403508
f: 0.444922547332
i: 0.295638126008
k: 0.402173913044
m: 0.249536178108
l: 0.295702840494
o: 0.414058738565
n: 0.42373046875
p: 0.437914691941
s: 0.341666666666
r: 0.35460450898
u: 0.396265560167
t: 0.380190605854
w: 0.205921938089
y: 0.350174216028
x: 0.307189542484
z: 0.255767301906
Avg 0.363613917692
