rr: 0.411781088985
B: 0.280373831776
D: 0.277220419003
G: 0.301710730949
N: 0.270880361175
Y: 0.400000000001
a: 0.378443692604
c: 0.390476190477
b: 0.225316455696
e: 0.434270952929
d: 0.399468556244
g: 0.326880119136
f: 0.408011869436
i: 0.295638126011
k: 0.431385869565
m: 0.267195767196
l: 0.299952007679
o: 0.413095811266
n: 0.428571428571
p: 0.451418225709
s: 0.333951025811
r: 0.341095890411
u: 0.405030800821
t: 0.391612200436
w: 0.205357142857
y: 0.357142857142
x: 0.320261437909
z: 0.258776328986
Avg 0.367861066966
