rr: 0.369752731454
B: 0.251497005988
D: 0.254853160776
G: 0.261275272161
N: 0.241534988713
Y: 0.424836601307
a: 0.362977283711
c: 0.371428571428
b: 0.202651515151
e: 0.417705664674
d: 0.420439844761
g: 0.298701298701
f: 0.241935483871
i: 0.278149726111
k: 0.387818419334
m: 0.219512195122
l: 0.291956188906
o: 0.403466538277
n: 0.416387024609
p: 0.396499698249
s: 0.310416666667
r: 0.342375185368
u: 0.377593360997
t: 0.348228450555
w: 0.188425302826
y: 0.34843205575
x: 0.245490541135
z: 0.232234809475
Avg 0.346552317232
