rr: 0.443049327354
B: 0.264080313085
D: 0.304131408661
G: 0.351351351351
N: 0.271130625686
Y: 0.313253012048
a: 0.387125394322
c: 0.42962962963
b: 0.265822784811
e: 0.43168771527
d: 0.415730337078
g: 0.349492671928
f: 0.424766977364
i: 0.302907915992
k: 0.466032608695
m: 0.278602350031
l: 0.298954954955
o: 0.419311891248
n: 0.453781512604
p: 0.481088254811
s: 0.348246194573
r: 0.358990077009
u: 0.408713692947
t: 0.420233463034
w: 0.199020737327
y: 0.386465552385
x: 0.307189542485
z: 0.283851554664
Avg 0.380499116355
