rr: 0.446808510638
B: 0.274593669803
D: 0.284221005477
G: 0.307931570762
N: 0.264108352145
Y: 0.455284552846
a: 0.383949396376
c: 0.380952380952
b: 0.225316455697
e: 0.434985901417
d: 0.409608717187
g: 0.315789473684
f: 0.407363420427
i: 0.301292407108
k: 0.446259673259
m: 0.285095856524
l: 0.29786797868
o: 0.41561151588
n: 0.437919463087
p: 0.47917923959
s: 0.361226552847
r: 0.352311807412
u: 0.408713692945
t: 0.410505836576
w: 0.21
y: 0.378048780487
x: 0.29411764706
z: 0.280423280423
Avg 0.376702379834
