rr: 0.396204715354
B: 0.226635514019
D: 0.249926231927
G: 0.242774566474
N: 0.253567508233
Y: 0.493150684932
a: 0.361152084465
c: 0.428571428571
b: 0.2
e: 0.425086107922
d: 0.40932642487
g: 0.298759864713
f: 0.400000000001
i: 0.262149212868
k: 0.370754716981
m: 0.189635404724
l: 0.285506190822
o: 0.423688011555
n: 0.441694630873
p: 0.334597156398
s: 0.385937248592
r: 0.360577341101
u: 0.382443531827
t: 0.333981841765
w: 0.166
y: 0.365853658538
x: 0.195574162679
z: 0.26712496931
Avg 0.354563648412
