B: 0.231187669991
D: 0.247884519663
G: 0.222395023327
i: 0.259289176091
m: 0.169449598021
s: 0.302183984116
b: 0.184810126583
w: 0.165262000733
Avg 0.247476913492
