B: 0.218990590249
D: 0.244897959184
G: 0.23011793166
i: 0.253770066483
m: 0.161654135338
s: 0.327083333334
b: 0.176136363637
w: 0.162853297443
Avg 0.251485081669
