B: 0.227079193869
D: 0.250871080139
G: 0.220720720721
i: 0.256865912762
m: 0.166357452072
s: 0.297916666667
b: 0.182278481011
w: 0.162000000001
Avg 0.244867519784
