B: 0.224299065421
D: 0.245057539097
G: 0.233281493002
i: 0.257050111585
m: 0.162646876933
s: 0.306022501654
b: 0.179746835443
w: 0.162853297443
Avg 0.246419066369
