B: 0.228400342173
D: 0.239130434783
G: 0.222395023329
i: 0.255250403877
m: 0.160349854227
s: 0.305765212047
b: 0.183611532625
w: 0.15834767642
Avg 0.244688805623
