B: 0.221556886227
D: 0.245652173913
G: 0.222395023329
i: 0.258267397038
m: 0.163265306123
s: 0.320979483786
b: 0.177215189873
w: 0.158815612382
Avg 0.250730008025
