rr: 0.346232179226
B: 0.22754491018
D: 0.24838227974
G: 0.231726283048
N: 0.214802448525
Y: 0.436893203883
a: 0.360560657323
c: 0.390476190476
b: 0.189873417723
e: 0.400376611923
d: 0.370786516855
g: 0.287485907554
f: 0.272727272727
i: 0.259014179608
k: 0.34748427673
m: 0.162956091528
l: 0.273852876911
o: 0.402503610977
n: 0.41806722689
p: 0.319251659626
s: 0.296227663799
r: 0.342739726027
u: 0.377593360997
t: 0.308041504539
w: 0.165156092649
y: 0.327526132406
x: 0.209150326797
z: 0.248677248677
