rr: 0.348356686253
B: 0.22754491018
D: 0.247826086957
G: 0.233281493001
N: 0.214446952596
Y: 0.399999999999
a: 0.361043982599
c: 0.390476190476
b: 0.191287878788
e: 0.400962536567
d: 0.370786516854
g: 0.287485907554
f: 0.272727272727
i: 0.258516150369
k: 0.34718969555
m: 0.1625
l: 0.274035393095
o: 0.402022147328
n: 0.417322834646
p: 0.319251659626
s: 0.296227663799
r: 0.343764070239
u: 0.377593360997
t: 0.308482142857
w: 0.166890982503
y: 0.328069067172
x: 0.209150326796
z: 0.248677248677
