rr: 0.347901092581
B: 0.227544910181
D: 0.247826086957
G: 0.231726283049
N: 0.214446952596
Y: 0.399999999999
a: 0.360560657321
c: 0.390476190476
b: 0.191287878788
e: 0.400490704916
d: 0.370786516854
g: 0.287485907554
f: 0.272727272727
i: 0.258673158856
k: 0.34718969555
m: 0.162646876933
l: 0.274179743224
o: 0.402022147327
n: 0.417413213886
p: 0.319251659626
s: 0.296360026473
r: 0.343905235001
u: 0.377450980392
t: 0.308373042886
w: 0.167050691244
y: 0.32768675368
x: 0.209150326796
z: 0.248677248677
