rr: 0.345083487941
B: 0.231308411215
D: 0.247826086957
G: 0.22972972973
N: 0.215148188804
Y: 0.418367346939
a: 0.361527307878
c: 0.39012345679
b: 0.189873417722
e: 0.399048363042
d: 0.37920642893
g: 0.281459419211
f: 0.277126099707
i: 0.258267397038
k: 0.34718969555
m: 0.162646876933
l: 0.273171895503
o: 0.401540683678
n: 0.422268907564
p: 0.321062160531
s: 0.299999999999
r: 0.343561643836
u: 0.379668049792
t: 0.30739299611
w: 0.166
y: 0.327526132403
x: 0.209150326796
z: 0.251755265796
