rr: 0.341000575044
B: 0.227079193869
D: 0.250871080139
G: 0.220720720721
N: 0.209932279909
Y: 0.399999999999
a: 0.360560657323
c: 0.397530864198
b: 0.182278481011
e: 0.400868170237
d: 0.370786516855
g: 0.285231116122
f: 0.272727272727
i: 0.256865912762
k: 0.351222826087
m: 0.166357452072
l: 0.278951201747
o: 0.404910929224
n: 0.419463087248
p: 0.320379146919
s: 0.297916666667
r: 0.341230416507
u: 0.381181318681
t: 0.3093385214
w: 0.162000000001
y: 0.32272523532
x: 0.222222222221
z: 0.247743229688
