rr: 0.359976998274
B: 0.227561196736
D: 0.244565217391
G: 0.234234234234
N: 0.208471629524
Y: 0.453551912568
a: 0.365393910103
c: 0.375609756098
b: 0.198863636364
e: 0.402985074627
d: 0.399741267788
g: 0.280721533258
f: 0.299120234604
i: 0.265751211633
k: 0.358899297424
m: 0.178487788558
l: 0.285146891943
o: 0.405223880597
n: 0.426470588236
p: 0.327962085309
s: 0.308984145625
r: 0.353332661087
u: 0.369294605809
t: 0.320729772607
w: 0.168236877524
y: 0.350174216029
x: 0.228758169934
z: 0.26455026455
