rr: 0.362525458248
B: 0.224299065421
D: 0.259333001493
G: 0.233281493001
N: 0.235795057937
Y: 0.349397590361
a: 0.362010633155
c: 0.419047619049
b: 0.205063291138
e: 0.424225028703
d: 0.393258426967
g: 0.256502242152
f: 0.300000000001
i: 0.271251775208
k: 0.37583383869
m: 0.183982683983
l: 0.289147851421
o: 0.415503129513
n: 0.446868008949
p: 0.336149668075
s: 0.356249999999
r: 0.360336262896
u: 0.377593360994
t: 0.326199740597
w: 0.18259954394
y: 0.369340597407
x: 0.213559322034
z: 0.268806419257
