rr: 0.369177688327
B: 0.224921902117
D: 0.251368840218
G: 0.231726283049
N: 0.227687206411
Y: 0.495575221239
a: 0.360077332043
c: 0.419047619048
b: 0.2
e: 0.42412943184
d: 0.413971539457
g: 0.300213349589
f: 0.299999999999
i: 0.260904684976
k: 0.37160326087
m: 0.191403834261
l: 0.284049526583
o: 0.417910447761
n: 0.442869641295
p: 0.334597156399
s: 0.375831873905
r: 0.363287671233
u: 0.368204659662
t: 0.330090791179
w: 0.16183682568
y: 0.362005707297
x: 0.191611058151
z: 0.253968253968
