B: 0.227863402841
D: 0.246888999502
G: 0.223950233281
i: 0.260904684975
m: 0.158892128281
s: 0.337500000002
b: 0.176136363636
w: 0.159430604982
Avg 0.256441747202
