B: 0.222412318222
D: 0.240013656538
G: 0.224123539232
i: 0.25605815832
m: 0.162028447743
s: 0.330831923728
b: 0.183712121212
w: 0.159161836826
Avg 0.252812043668
