B: 0.219626168224
D: 0.239920358386
G: 0.216216216216
i: 0.254442649435
m: 0.163265306124
s: 0.33355393779
b: 0.176916596462
w: 0.163701067616
Avg 0.252989793301
