B: 0.224596925384
D: 0.238924838227
G: 0.230314064634
i: 0.265751211632
m: 0.167617046819
s: 0.322916666665
b: 0.192405063291
w: 0.16814159292
Avg 0.254483649778
