B: 0.233532934131
D: 0.245716562625
G: 0.216174183514
i: 0.261712439418
m: 0.169202226345
s: 0.316666666667
b: 0.184011026878
w: 0.16452913155
Avg 0.252177595414
