B: 0.228971962617
D: 0.239422598308
G: 0.225225225225
i: 0.267366720517
m: 0.172927578111
s: 0.329166666667
b: 0.185606060606
w: 0.168
Avg 0.257544143728
