i: 0.251986379115
m: 0.144314868805
Avg 0.21014318288
