i: 0.252019386108
m: 0.144712430427
Avg 0.210317862734
