i: 0.25631801421
m: 0.147186147186
Avg 0.213907295589
