i: 0.261488702215
m: 0.146423617991
Avg 0.216772222572
