i: 0.263745181578
m: 0.145427636704
Avg 0.217764733882
