i: 0.265445111075
m: 0.1472303207
Avg 0.219504595732
