i: 0.266382633394
m: 0.150145772596
Avg 0.221210779094
