i: 0.269789983844
m: 0.151603498542
Avg 0.22386046839
