i: 0.272213247174
m: 0.153061224489
Avg 0.225908505534
