i: 0.271405492731
m: 0.154518950436
Avg 0.225981159847
