B: 0.228400342173
D: 0.239130434783
G: 0.222395023329
i: 0.255629945222
m: 0.160349854227
s: 0.304166666668
b: 0.183611532625
w: 0.15834767642
Avg 0.244279767862
