B: 0.226407716371
D: 0.234782608696
G: 0.225505443234
i: 0.255224183404
m: 0.161807580175
s: 0.312983508246
b: 0.175514626219
w: 0.160096540628
Avg 0.246442203139
