B: 0.227370948379
D: 0.238043478261
G: 0.2230710466
i: 0.253222137983
m: 0.161581137309
s: 0.320833333334
b: 0.174362508615
w: 0.161507402423
Avg 0.248759777285
