B: 0.227054991378
D: 0.242906918866
G: 0.220720720721
i: 0.253634894992
m: 0.160349854229
s: 0.32130482285
b: 0.176136363636
w: 0.158000000001
Avg 0.249168369144
