B: 0.221962616822
D: 0.240013656538
G: 0.223950233281
i: 0.25605815832
m: 0.161740558292
s: 0.325
b: 0.179746835443
w: 0.158666178087
Avg 0.250742953004
