B: 0.222412318223
D: 0.240013656538
G: 0.224123539232
i: 0.256058158321
m: 0.162028447743
s: 0.330755823166
b: 0.183712121212
w: 0.159161836826
Avg 0.252788231681
