B: 0.221962616822
D: 0.244803283076
G: 0.223950233283
i: 0.255224183404
m: 0.162414965986
s: 0.329166666665
b: 0.184810126583
w: 0.161419959812
Avg 0.25281098159
