B: 0.221962616822
D: 0.244897959185
G: 0.216216216216
i: 0.256865912762
m: 0.166180758019
s: 0.325000000002
b: 0.1875
w: 0.160161507402
Avg 0.252262407325
