B: 0.224123182206
D: 0.246888999503
G: 0.225225225225
i: 0.258005797883
m: 0.165170068027
s: 0.324023825281
b: 0.189873417723
w: 0.161507402423
Avg 0.252891823882
