i: 0.254442649436
m: 0.153988868275
Avg 0.215404399991
