i: 0.25420977886
m: 0.14139941691
Avg 0.210369527165
