i: 0.252690038181
m: 0.144712430427
Avg 0.21072788666
