i: 0.254442649435
m: 0.144314868806
Avg 0.21164489985
