i: 0.255427064313
m: 0.147495361781
Avg 0.213482752434
