i: 0.25605815832
m: 0.15120593692
Avg 0.215310591364
