i: 0.257515473033
m: 0.15306122449
Avg 0.216922565896
