i: 0.258536889332
m: 0.154607297464
Avg 0.218147873755
