i: 0.260096930533
m: 0.154580981329
Avg 0.219091426331
