i: 0.259281801582
m: 0.154518950436
Avg 0.218568965606
