i: 0.258958975191
m: 0.155612244898
Avg 0.218796470705
