rr: 0.327339496011
B: 0.224299065421
D: 0.240915878546
G: 0.233281493001
N: 0.212952799122
Y: 0.336283185841
a: 0.360077332044
c: 0.391967871486
b: 0.189393939394
e: 0.402110482208
d: 0.404494382022
g: 0.276233183857
f: 0.3
i: 0.253965392934
k: 0.347775175644
m: 0.154518950438
l: 0.277494537508
o: 0.397069530397
n: 0.430672268907
p: 0.309004739338
s: 0.3
r: 0.339701948797
u: 0.360995850623
t: 0.301727000996
w: 0.156
y: 0.320423970648
x: 0.189542483659
z: 0.249749247743
