rr: 0.327339496011
B: 0.224299065421
D: 0.240841777085
G: 0.233281493002
N: 0.213441654357
Y: 0.336283185841
a: 0.359917192429
c: 0.39358974359
b: 0.189393939394
e: 0.401764873328
d: 0.404494382022
g: 0.27733934611
f: 0.3
i: 0.254094373277
k: 0.347826086957
m: 0.155468929145
l: 0.276766205391
o: 0.396468362413
n: 0.430672268908
p: 0.309004739337
s: 0.3
r: 0.339726027397
u: 0.361197110423
t: 0.301762114537
w: 0.155999999999
y: 0.320557491289
x: 0.189830508474
z: 0.249749247745
