rr: 0.327339496011
B: 0.224299065421
D: 0.241037896893
G: 0.233281493
N: 0.212952799122
Y: 0.336283185841
a: 0.360077332044
c: 0.391967871486
b: 0.189393939394
e: 0.402123995409
d: 0.404494382022
g: 0.276233183857
f: 0.3
i: 0.254006897951
k: 0.347775175644
m: 0.155498020103
l: 0.277113846707
o: 0.397023036989
n: 0.430672268907
p: 0.309004739337
s: 0.300000000001
r: 0.339701948797
u: 0.360995850624
t: 0.301906058543
w: 0.155999999999
y: 0.320423970648
x: 0.189542483659
z: 0.249749247745
