rr: 0.329290701948
B: 0.224299065421
D: 0.240217391304
G: 0.233281493
N: 0.212952799122
Y: 0.336283185841
a: 0.359916431013
c: 0.395061728395
b: 0.1875
e: 0.402200943261
d: 0.394536213469
g: 0.276647681041
f: 0.300000000001
i: 0.255224183404
k: 0.348946135831
m: 0.155976676385
l: 0.278222869628
o: 0.397388059701
n: 0.428571428573
p: 0.311406155703
s: 0.300992720053
r: 0.340466182652
u: 0.364354395604
t: 0.302204928665
w: 0.155999999999
y: 0.320557491288
x: 0.191525423729
z: 0.250998288648
