rr: 0.331039350626
B: 0.228400342173
D: 0.239130434783
G: 0.222395023329
N: 0.214446952596
Y: 0.313253012048
a: 0.359594006766
c: 0.387654320988
b: 0.183611532625
e: 0.402661130508
d: 0.388447048974
g: 0.271929824563
f: 0.300000000001
i: 0.255773126266
k: 0.343070652174
m: 0.160349854227
l: 0.279600570614
o: 0.39865190178
n: 0.424369747899
p: 0.312009656005
s: 0.304166666667
r: 0.337159676233
u: 0.358921161827
t: 0.302204928665
w: 0.15834767642
y: 0.322101090188
x: 0.193220338983
z: 0.248677248677
