rr: 0.333183856502
B: 0.225422667502
D: 0.248880039821
G: 0.222395023328
N: 0.205417607223
Y: 0.43137254902
a: 0.364254731861
c: 0.417283950617
b: 0.186176588094
e: 0.405646571724
d: 0.393258426967
g: 0.271702367531
f: 0.299999999998
i: 0.259289176091
k: 0.355783866058
m: 0.166180758018
l: 0.276766205389
o: 0.397818599311
n: 0.429951285066
p: 0.314691943128
s: 0.318669555244
r: 0.343652314208
u: 0.356776180698
t: 0.319605173587
w: 0.158815612382
y: 0.344947735193
x: 0.215686274509
z: 0.243731193581
