rr: 0.363427257045
B: 0.226635514019
D: 0.258835241414
G: 0.233281493001
N: 0.235795057937
Y: 0.349397590361
a: 0.360915492958
c: 0.423188405797
b: 0.205063291138
e: 0.4242710201
d: 0.393258426967
g: 0.256743256743
f: 0.300000000001
i: 0.269628727937
k: 0.378220140515
m: 0.185131195335
l: 0.288540624653
o: 0.416279069767
n: 0.445378151259
p: 0.337356668678
s: 0.352878888154
r: 0.359452054795
u: 0.377593360995
t: 0.326752893124
w: 0.18259954394
y: 0.369340597407
x: 0.21399730821
z: 0.268806419257
