rr: 0.368635437882
B: 0.225834046193
D: 0.250871080139
G: 0.23172628305
N: 0.227687206411
Y: 0.495575221239
a: 0.359594006767
c: 0.419047619048
b: 0.199999999999
e: 0.424225028702
d: 0.413971539457
g: 0.300213349589
f: 0.299999999999
i: 0.260904684975
k: 0.371779859485
m: 0.190962099124
l: 0.284049526584
o: 0.418320485485
n: 0.443277310924
p: 0.334338762652
s: 0.375000000001
r: 0.362628964463
u: 0.366615067079
t: 0.33073929961
w: 0.16183682568
y: 0.360627177701
x: 0.191611058151
z: 0.253968253968
