B: 0.226170468187
D: 0.243902439025
G: 0.231726283047
i: 0.258481421646
m: 0.157577785212
s: 0.33647307845
b: 0.179924242424
w: 0.158815612382
Avg 0.255260198179
