B: 0.226675015654
D: 0.242906918865
G: 0.225225225225
i: 0.267116812964
m: 0.180391037534
s: 0.326290516206
b: 0.19696969697
w: 0.171857823379
Avg 0.258573271558
