B: 0.228971962617
D: 0.242409158784
G: 0.223950233282
i: 0.26454527068
m: 0.173469387755
s: 0.320052945069
b: 0.19493670886
w: 0.17
Avg 0.254827457548
