B: 0.231822070146
D: 0.245893479344
G: 0.215713621571
i: 0.261712439418
m: 0.169897959184
s: 0.319788219722
b: 0.1875
w: 0.160498561841
Avg 0.25308911178
