B: 0.219626168224
D: 0.242391304348
G: 0.207207207207
i: 0.254442649435
m: 0.164133738602
s: 0.3375
b: 0.177215189875
w: 0.163063393184
Avg 0.254315329557
