rr: 0.370393820438
B: 0.239520958084
D: 0.261821801891
G: 0.241057542768
N: 0.237020316026
Y: 0.544871794872
a: 0.357566179376
c: 0.39012345679
b: 0.20198482195
e: 0.418331910048
d: 0.391979301423
g: 0.282219419924
f: 0.340177580466
i: 0.277732816119
k: 0.371603260869
m: 0.180758017494
l: 0.282592862346
o: 0.40009629273
n: 0.430672268908
p: 0.335778321108
s: 0.33987702118
r: 0.351780821918
u: 0.36693450207
t: 0.330090791181
w: 0.172164119067
y: 0.375458622095
x: 0.215686274509
z: 0.257752718486
