rr: 0.329824033689
B: 0.228826475071
D: 0.255035848412
G: 0.23232740802
N: 0.216548639583
Y: 0.444444444444
a: 0.359325709779
c: 0.380952380951
b: 0.17803030303
e: 0.407756912334
d: 0.426966292134
g: 0.273310310804
f: 0.427367055772
i: 0.276252019386
k: 0.35597826087
m: 0.158341658342
l: 0.27760342368
o: 0.406395323088
n: 0.416831194472
p: 0.306161137441
s: 0.314096624752
r: 0.352602739726
u: 0.371369294607
t: 0.29782164738
w: 0.170694864048
y: 0.324743970928
x: 0.196078431374
z: 0.245737211635
