rr: 0.338700402531
B: 0.238317757009
D: 0.252254141329
G: 0.243243243244
N: 0.21643017177
Y: 0.442477876106
a: 0.356593623682
c: 0.372839506173
b: 0.186348862405
e: 0.406813249033
d: 0.438202247191
g: 0.271929824562
f: 0.312316715543
i: 0.269789983845
k: 0.353940217393
m: 0.163883735312
l: 0.27749453751
o: 0.402719340981
n: 0.420861297539
p: 0.310103244838
s: 0.31129750983
r: 0.34237676729
u: 0.369294605809
t: 0.304798962387
w: 0.172274562584
y: 0.32102193835
x: 0.202614379084
z: 0.249749247744
