rr: 0.33525014376
B: 0.238665526092
D: 0.25
G: 0.248036378669
N: 0.211855104281
Y: 0.399999999998
a: 0.357788811065
c: 0.342857142858
b: 0.182278481013
e: 0.409299655567
d: 0.426966292134
g: 0.268320180383
f: 0.328445747801
i: 0.272937637394
k: 0.345108695653
m: 0.167638483964
l: 0.280407865986
o: 0.402503610977
n: 0.422399328859
p: 0.313744075829
s: 0.312909009413
r: 0.338630136986
u: 0.370123203285
t: 0.310635538263
w: 0.169999999999
y: 0.322462291072
x: 0.215517241379
z: 0.248677248677
