rr: 0.339931327005
B: 0.237810094097
D: 0.254347826087
G: 0.238738738738
N: 0.212189616253
Y: 0.344262295082
a: 0.359594006766
c: 0.362962962963
b: 0.191287878788
e: 0.407864523535
d: 0.404494382023
g: 0.298245614035
f: 0.300000000001
i: 0.271251775208
k: 0.349470666079
m: 0.16771987983
l: 0.279679533869
o: 0.403233830846
n: 0.418067226892
p: 0.310802655402
s: 0.312500000001
r: 0.344669468859
u: 0.375770020534
t: 0.309394145677
w: 0.174000000001
y: 0.317073170733
x: 0.218644067797
z: 0.242687865607
