rr: 0.351351351351
B: 0.235243798117
D: 0.260869565217
G: 0.238738738739
N: 0.207041244499
Y: 0.333333333333
a: 0.360663772581
c: 0.382716049383
b: 0.1875
e: 0.410340174704
d: 0.404915912031
g: 0.28947368421
f: 0.306451612904
i: 0.270367700072
k: 0.349864130435
m: 0.167439703154
l: 0.275091301096
o: 0.403852828879
n: 0.428571428571
p: 0.315027157514
s: 0.314583333333
r: 0.34925487199
u: 0.375770020534
t: 0.31484002723
w: 0.170928667564
y: 0.325783972126
x: 0.21568627451
z: 0.251755265797
