B: 0.238665526091
D: 0.260869565217
G: 0.241057542768
i: 0.277059773827
m: 0.181199752628
s: 0.3375
b: 0.20198482195
w: 0.171999999999
Avg 0.268107080585
