B: 0.231308411215
D: 0.265217391304
G: 0.233766233766
i: 0.279483037157
m: 0.171923314781
s: 0.324999999999
b: 0.20253164557
w: 0.176084578928
Avg 0.263371828677
