B: 0.228826475071
D: 0.254351016985
G: 0.23232740802
i: 0.27652667884
m: 0.157081014224
s: 0.314105263158
b: 0.17803030303
w: 0.170694864048
Avg 0.254403298287
