B: 0.235981308411
D: 0.245893479343
G: 0.234234234234
i: 0.270597738289
m: 0.156771799629
s: 0.313538075838
b: 0.187341772153
w: 0.169582772544
Avg 0.252580114142
