B: 0.238317757009
D: 0.252254141329
G: 0.243243243244
i: 0.269789983846
m: 0.163883735312
s: 0.312004018081
b: 0.186348862405
w: 0.172274562584
Avg 0.254260675364
