B: 0.238518518519
D: 0.250454663549
G: 0.248036378669
i: 0.272874822479
m: 0.167638483964
s: 0.312111184646
b: 0.182278481013
w: 0.169999999999
Avg 0.255320516575
