B: 0.237810094097
D: 0.254347826087
G: 0.238738738738
i: 0.271251775208
m: 0.16771987983
s: 0.314062671798
b: 0.191287878788
w: 0.174000000001
Avg 0.25615804426
