B: 0.235243798117
D: 0.260869565217
G: 0.238738738739
i: 0.270440251572
m: 0.167439703154
s: 0.314583333333
b: 0.1875
w: 0.170928667564
Avg 0.256382760078
