B: 0.232094288305
D: 0.260826281731
G: 0.24379024839
i: 0.275444264942
m: 0.168521954237
s: 0.320833333334
b: 0.196669115846
w: 0.170928667564
Avg 0.260004280775
