B: 0.236099230112
D: 0.265803882528
G: 0.25005192108
i: 0.278460499663
m: 0.171614100186
s: 0.320833333333
b: 0.200757575758
w: 0.174056430927
Avg 0.262526786389
