B: 0.235243798117
D: 0.245982202152
G: 0.215477458289
i: 0.260701967945
m: 0.169096209913
s: 0.315986541282
b: 0.187341772152
w: 0.163518117064
Avg 0.251889938498
