B: 0.224978614201
D: 0.241304347826
G: 0.225505443235
i: 0.26494345719
m: 0.172011661807
s: 0.324999999998
b: 0.191287878788
w: 0.166000000001
Avg 0.255601745276
