B: 0.226635514018
D: 0.242913435871
G: 0.225225225225
i: 0.258481421649
m: 0.157713085234
s: 0.336952714536
b: 0.18201516793
w: 0.157773952955
Avg 0.255152790047
