B: 0.219626168224
D: 0.240915878548
G: 0.216174183514
i: 0.255250403877
m: 0.166666666667
s: 0.335416666666
b: 0.17803030303
w: 0.162330524001
Avg 0.254371687737
