B: 0.224978614201
D: 0.244565217391
G: 0.225225225225
i: 0.267366720517
m: 0.170663265306
s: 0.330244870946
b: 0.18883528601
w: 0.170928667564
Avg 0.258131920818
