e: 0.386380737396
a: 0.381386861314
o: 0.372262773723
s: 0.256749872645
n: 0.392
i: 0.248514851485
r: 0.333941605839
l: 0.305522914218
y: 0.35067114094
k: 0.313364055299
m: 0.164794007489
t: 0.319236016371
D: 0.178532311062
p: 0.342403628117
B: 0.188006482982
u: 0.301069791136
rr: 0.327868852458
N: 0.256756756757
c: 0.298076923077
b: 0.131914893617
g: 0.210970464136
G: 0.16393442623
f: 0.4
w: 0.173184357542
Y: 0.6
x: 0.135135135135
z: 0.210526315789
d: 0.348963029757
