y: 0.35067114094
k: 0.313364055299
m: 0.164794007489
t: 0.319236016371
D: 0.178532311062
Avg 0.264809422513
