i: 0.248514851485
r: 0.333941605839
l: 0.305522914218
Avg 0.295515931971
