p: 0.342403628117
B: 0.188006482982
u: 0.301069791136
rr: 0.327868852458
N: 0.256756756757
Avg 0.293384847034
