c: 0.298076923077
b: 0.131914893617
g: 0.210970464136
G: 0.16393442623
f: 0.4
w: 0.173184357542
Y: 0.6
x: 0.135135135135
z: 0.210526315789
d: 0.348963029757
Avg 0.224507515194
