B: 0.219626168224
D: 0.245276028159
G: 0.217729393468
i: 0.253634894993
m: 0.16472303207
s: 0.332191255433
b: 0.177060737527
w: 0.160864785636
Avg 0.253121687461
