B: 0.226635514019
D: 0.244400199105
G: 0.221711131555
i: 0.258481421647
m: 0.158613445378
s: 0.335804103243
b: 0.181818181818
w: 0.159430604982
Avg 0.255055152242
