B: 0.221962616822
D: 0.247386759581
G: 0.233281493001
i: 0.267366720517
m: 0.180758017492
s: 0.322916666668
b: 0.200089325592
w: 0.163999999999
Avg 0.257854685444
