B: 0.2283203125
D: 0.242608426908
G: 0.217721518987
i: 0.26171243942
m: 0.166443626631
s: 0.321753159451
b: 0.18880455408
w: 0.158815612382
Avg 0.252617212956
