B: 0.225013804528
D: 0.246739130435
G: 0.228615863142
i: 0.265357757312
m: 0.17599860457
s: 0.318749999999
b: 0.196416264645
w: 0.168177240685
Avg 0.255370819431
