B: 0.232412965186
D: 0.246739130435
G: 0.225225225225
i: 0.263200540175
m: 0.165739022882
s: 0.304166666667
b: 0.184810126582
w: 0.159617321249
Avg 0.248237866858
