B: 0.223267750213
D: 0.242906918866
G: 0.229508196721
i: 0.255351269747
m: 0.167638483966
s: 0.310416666666
b: 0.172348484848
w: 0.162853297443
Avg 0.247445535542
