B: 0.226407716371
D: 0.234782608696
G: 0.225505443234
i: 0.255021302495
m: 0.161807580175
s: 0.313121333745
b: 0.175514626219
w: 0.160096540628
Avg 0.24643660562
