B: 0.223267750213
D: 0.241304347826
G: 0.22972972973
i: 0.254078444984
m: 0.163883735312
s: 0.325
b: 0.179746835442
w: 0.160985112008
Avg 0.251129992759
