B: 0.230966638152
D: 0.243478260869
G: 0.221965317919
i: 0.260096930532
m: 0.17192331478
s: 0.308272667108
b: 0.191594561187
w: 0.162853297443
Avg 0.24955013905
