B: 0.224123182208
D: 0.246391239423
G: 0.220720720721
i: 0.257673667204
m: 0.161311333044
s: 0.328127068167
b: 0.176644182125
w: 0.158
Avg 0.25265312472
