G: 0.166666666667
B: 0.200934579439
b: 0.128787878788
D: 0.179691388752
w: 0.152086137281
Avg 0.171931923838
