G: 0.166666666667
B: 0.200934579439
b: 0.146835443038
D: 0.187435984978
w: 0.151364175563
Avg 0.177019184092
