G: 0.18018018018
B: 0.209828823854
b: 0.157196969697
D: 0.193628670981
w: 0.149871747893
Avg 0.18386585292
