G: 0.18018018018
B: 0.21261682243
b: 0.164556962025
D: 0.200597312096
w: 0.150740242261
Avg 0.188197782915
