G: 0.189735614307
B: 0.214953271028
b: 0.162025316454
D: 0.207608695652
w: 0.149394347241
Avg 0.191972223168
