G: 0.197511664074
B: 0.214023644517
b: 0.164556962026
D: 0.212543554008
w: 0.150740242261
Avg 0.195109119556
