G: 0.195956454121
B: 0.21549492133
b: 0.164772727273
D: 0.22150323544
w: 0.153432032301
Avg 0.199183795449
