G: 0.198198198198
B: 0.214953271028
b: 0.164556962024
D: 0.225
w: 0.151376951412
Avg 0.200316850844
