G: 0.199669284828
B: 0.214953271028
b: 0.168126094571
D: 0.228260869565
w: 0.152086137281
Avg 0.202301686661
