G: 0.202702702703
B: 0.217289719626
b: 0.169620253163
D: 0.231458437033
w: 0.152937788018
Avg 0.204704571434
