rr: 0.345925044616
B: 0.231308411215
D: 0.25
G: 0.227060653189
N: 0.215099114298
Y: 0.418300653595
a: 0.359110681489
c: 0.390243902439
b: 0.188749418875
e: 0.398943434738
d: 0.370786516855
g: 0.278466741826
f: 0.282991202346
i: 0.259078920673
k: 0.34718969555
m: 0.165120593692
l: 0.27676620539
o: 0.402279511533
n: 0.422268907564
p: 0.322274881516
s: 0.300000000001
r: 0.341994650364
u: 0.378300986319
t: 0.307011572498
w: 0.165999999999
y: 0.327526132405
x: 0.21186440678
z: 0.250752256769
