rr: 0.344195519348
B: 0.231308411215
D: 0.253052740972
G: 0.227060653189
N: 0.214446952596
Y: 0.399999999999
a: 0.360560657323
c: 0.388172043011
b: 0.189873417721
e: 0.397531572906
d: 0.381630012937
g: 0.280701754387
f: 0.280058651026
i: 0.258481421648
k: 0.347775175645
m: 0.166357452072
l: 0.275309541152
o: 0.402114427861
n: 0.426038606798
p: 0.324115044248
s: 0.298345466578
r: 0.342792458722
u: 0.381742738588
t: 0.309053778081
w: 0.163796262367
y: 0.324500611496
x: 0.218644067797
z: 0.250752256771
