rr: 0.34272570443
B: 0.231308411215
D: 0.252364360379
G: 0.225433526012
N: 0.214050493963
Y: 0.4
a: 0.361043982599
c: 0.388596491228
b: 0.187390542907
e: 0.398513648707
d: 0.38202247191
g: 0.280701754385
f: 0.282991202346
i: 0.258481421648
k: 0.349864130435
m: 0.167422524565
l: 0.275506268081
o: 0.403855721393
n: 0.424369747898
p: 0.324170616114
s: 0.2987425546
r: 0.342376767291
u: 0.381930184805
t: 0.309987029832
w: 0.164923572003
y: 0.321770730096
x: 0.222222222221
z: 0.253761283852
