rr: 0.344450833812
B: 0.228971962617
D: 0.252862120458
G: 0.225225225225
N: 0.214446952595
Y: 0.4
a: 0.3610439826
c: 0.39012345679
b: 0.188330170778
e: 0.39867967853
d: 0.375177304965
g: 0.279594137542
f: 0.278592375367
i: 0.259289176089
k: 0.349864130435
m: 0.166666666667
l: 0.274750356633
o: 0.403731343284
n: 0.423331039229
p: 0.325118483412
s: 0.297916666667
r: 0.342376767291
u: 0.383470225873
t: 0.310635538261
w: 0.165994352562
y: 0.318815331011
x: 0.222222222222
z: 0.251755265797
