rr: 0.343875790684
B: 0.227654320988
D: 0.251368840218
G: 0.223950233281
N: 0.212189616254
Y: 0.41717791411
a: 0.360607255521
c: 0.387373737374
b: 0.186223000584
e: 0.399827784156
d: 0.38202247191
g: 0.279594137542
f: 0.275659824047
i: 0.258481421647
k: 0.351222826087
m: 0.167285095856
l: 0.275738737972
o: 0.401540683679
n: 0.426470588236
p: 0.322872661436
s: 0.295832118916
r: 0.342596005012
u: 0.38295687885
t: 0.311284046693
w: 0.164199192463
y: 0.318815331012
x: 0.222222222221
z: 0.251755265796
