rr: 0.342888643881
B: 0.226635514019
D: 0.250368840366
G: 0.223950233281
N: 0.209659714599
Y: 0.399999999999
a: 0.360607255521
c: 0.390338164251
b: 0.182278481014
e: 0.399958408069
d: 0.381493506494
g: 0.280701754387
f: 0.274193548387
i: 0.258470277947
k: 0.351222826087
m: 0.166975881262
l: 0.275320970043
o: 0.403233830846
n: 0.425537493445
p: 0.323476161738
s: 0.293750000001
r: 0.341390140653
u: 0.382443531828
t: 0.312131022662
w: 0.163174320107
y: 0.32055749129
x: 0.222222222221
z: 0.248677248677
