rr: 0.341575618171
B: 0.225845902976
D: 0.250871080139
G: 0.221619365609
N: 0.207674943567
Y: 0.399999999999
a: 0.360311514195
c: 0.395061728395
b: 0.182278481013
e: 0.40040183697
d: 0.380336351876
g: 0.280701754387
f: 0.272727272727
i: 0.258481421648
k: 0.349864130435
m: 0.167112746738
l: 0.27760342368
o: 0.403466538276
n: 0.423657718121
p: 0.322872661437
s: 0.297916666666
r: 0.341230416509
u: 0.382443531828
t: 0.311284046692
w: 0.162000000001
y: 0.323277619242
x: 0.222222222222
z: 0.248677248678
