rr: 0.320874065554
B: 0.218990590248
D: 0.243902439024
G: 0.220809248555
N: 0.20993227991
Y: 0.335664335665
a: 0.353794103431
c: 0.37696969697
b: 0.174683544305
e: 0.40442020666
d: 0.41573033708
g: 0.280708661417
f: 0.299999999999
i: 0.25928917609
k: 0.345788043478
m: 0.157208337881
l: 0.274581209033
o: 0.395763119884
n: 0.409663865547
p: 0.29993964997
s: 0.320052945069
r: 0.339178082192
u: 0.344398340249
t: 0.300907911803
w: 0.157101687937
y: 0.312678353037
x: 0.189542483661
z: 0.248677248677
Avg 0.327991674853
