rr: 0.344195519348
B: 0.236852833265
D: 0.252173913043
G: 0.22972972973
N: 0.221218961624
Y: 0.341040462428
a: 0.359351306896
c: 0.382716049383
b: 0.183712121212
e: 0.403401457768
d: 0.370786516855
g: 0.288613303269
f: 0.290322580645
i: 0.259824442944
k: 0.349864130434
m: 0.16472303207
l: 0.277494537508
o: 0.4
n: 0.434873949579
p: 0.317535545024
s: 0.304166666667
r: 0.339701948797
u: 0.371055354371
t: 0.320325473265
w: 0.164746543779
y: 0.329753632344
x: 0.222222222221
z: 0.264118653736
