rr: 0.345025876942
B: 0.235243798117
D: 0.253857640618
G: 0.223950233282
N: 0.216704288939
Y: 0.415300546448
a: 0.360381397159
c: 0.380952380953
b: 0.184810126581
e: 0.401811833538
d: 0.370786516856
g: 0.291479820628
f: 0.288856304985
i: 0.260096930533
k: 0.350290032056
m: 0.164723032071
l: 0.27749453751
o: 0.400096292729
n: 0.430648769575
p: 0.316627945569
s: 0.307875579087
r: 0.342191780822
u: 0.36909650924
t: 0.31841763943
w: 0.165994869915
y: 0.33101045296
x: 0.222222222221
z: 0.260782347042
