rr: 0.343875790685
B: 0.233290978399
D: 0.253260869565
G: 0.223616657159
N: 0.217691154423
Y: 0.399999999999
a: 0.359594006766
c: 0.380952380953
b: 0.184810126583
e: 0.400401836969
d: 0.369594902139
g: 0.289473684212
f: 0.288856304985
i: 0.259890444309
k: 0.351222826087
m: 0.166778186685
l: 0.276462196862
o: 0.398170438133
n: 0.425894854586
p: 0.314423657212
s: 0.306250000001
r: 0.342754705707
u: 0.367219917013
t: 0.318584070796
w: 0.162853297443
y: 0.328984916429
x: 0.222410506249
z: 0.260935981114
