rr: 0.342725704429
B: 0.233532934131
D: 0.250870271525
G: 0.222395023329
N: 0.218961625282
Y: 0.399999999999
a: 0.360311514196
c: 0.377777777778
b: 0.184810126582
e: 0.399956761431
d: 0.37128072445
g: 0.285231116122
f: 0.290322580645
i: 0.25928917609
k: 0.352201257862
m: 0.166975881262
l: 0.27817403709
o: 0.400995024876
n: 0.427712527964
p: 0.315630657815
s: 0.304804327076
r: 0.34275888422
u: 0.36929460581
t: 0.317903335602
w: 0.162853297443
y: 0.327526132405
x: 0.228758169934
z: 0.253968253968
