rr: 0.340425531916
B: 0.231308411215
D: 0.248880039822
G: 0.222395023328
N: 0.21670428894
Y: 0.399999999999
a: 0.3610439826
c: 0.384561403509
b: 0.184370257967
e: 0.398792110975
d: 0.373868046572
g: 0.284103720406
f: 0.287390029326
i: 0.260904684975
k: 0.351758188825
m: 0.167594310451
l: 0.277572775728
o: 0.399129353234
n: 0.428571428571
p: 0.315265486726
s: 0.304831237591
r: 0.343287671233
u: 0.36929460581
t: 0.319066147859
w: 0.165545087483
y: 0.329268292682
x: 0.228758169933
z: 0.25476429288
