rr: 0.338700402532
B: 0.230966638152
D: 0.25
G: 0.220839813375
N: 0.21186440678
Y: 0.399999999999
a: 0.360114353312
c: 0.379130434783
b: 0.185606060606
e: 0.399540757749
d: 0.375161707633
g: 0.291838417148
f: 0.284457478006
i: 0.260096930534
k: 0.353260869565
m: 0.167638483964
l: 0.278951201747
o: 0.400577756378
n: 0.426470588236
p: 0.316587677726
s: 0.30539740378
r: 0.343730034268
u: 0.371369294605
t: 0.320285908781
w: 0.166
y: 0.328435266084
x: 0.228758169935
z: 0.259259259259
