rr: 0.337550316273
B: 0.230966638151
D: 0.25
G: 0.220839813376
N: 0.212651581448
Y: 0.399999999999
a: 0.360077332046
c: 0.376811594203
b: 0.184810126582
e: 0.400975889781
d: 0.37128072445
g: 0.287485907554
f: 0.280058651026
i: 0.260096930533
k: 0.352459016393
m: 0.168367346939
l: 0.276462196862
o: 0.402022147329
n: 0.430672268906
p: 0.315027157514
s: 0.304166666668
r: 0.342191780822
u: 0.372176591376
t: 0.319066147861
w: 0.164119066774
y: 0.327851538926
x: 0.228758169936
z: 0.253968253968
