rr: 0.337964701465
B: 0.231308411215
D: 0.247826086957
G: 0.220839813373
N: 0.215148188804
Y: 0.471698113208
a: 0.362677444795
c: 0.38024691358
b: 0.184810126582
e: 0.401056902897
d: 0.372574385511
g: 0.289740698985
f: 0.274193548387
i: 0.258064516129
k: 0.355581885203
m: 0.168212739641
l: 0.276462196862
o: 0.402985074627
n: 0.428571428571
p: 0.312796208532
s: 0.303785337805
r: 0.342845618635
u: 0.372421921037
t: 0.318217874141
w: 0.165999999998
y: 0.330207908683
x: 0.230508474576
z: 0.253761283851
