B: 0.223267750215
D: 0.24347826087
G: 0.221030042918
i: 0.259149223498
m: 0.166180758018
s: 0.320833333332
b: 0.176024279211
w: 0.161507402423
Avg 0.251241060294
