B: 0.229255774167
D: 0.240217391304
G: 0.22972972973
i: 0.263605671843
m: 0.172011661806
s: 0.322916666666
b: 0.189518263632
w: 0.162134944612
Avg 0.254662207616
