B: 0.224123182207
D: 0.247386759581
G: 0.216174183515
i: 0.257455873402
m: 0.161149825784
s: 0.329166666667
b: 0.175514626219
w: 0.158131595282
Avg 0.252827627146
