B: 0.227544910181
D: 0.240915878546
G: 0.225225225225
i: 0.269222966119
m: 0.167989417989
s: 0.316666666667
b: 0.185777067519
w: 0.169582772544
Avg 0.253489173507
