B: 0.225314423334
D: 0.240418118466
G: 0.227127901684
i: 0.253634894992
m: 0.165429808287
s: 0.335416666666
b: 0.181818181818
w: 0.160854092527
Avg 0.254525543028
