rr: 0.331328019251
B: 0.228826475071
D: 0.254355400698
G: 0.23232740802
N: 0.216548639583
Y: 0.444444444444
a: 0.359029968454
c: 0.380952380951
b: 0.17803030303
e: 0.407290470724
d: 0.426966292134
g: 0.273310310804
f: 0.427367055772
i: 0.276292548573
k: 0.355978260871
m: 0.157699443414
l: 0.27760342368
o: 0.406343283582
n: 0.41764541387
p: 0.307109004739
s: 0.3125
r: 0.352002553056
u: 0.371369294607
t: 0.297481279782
w: 0.170928667564
y: 0.324500611496
x: 0.196078431374
z: 0.245737211635
Avg 0.335214702493
