B: 0.205607476635
D: 0.181682429068
G: 0.162162162162
i: 0.254442649436
m: 0.153988868275
s: 0.325443786982
b: 0.121518987343
w: 0.150604617076
Avg 0.237075502187
