B: 0.201881950385
D: 0.182781056136
G: 0.174183514774
i: 0.251775207953
m: 0.140722955849
s: 0.283333333333
b: 0.126582278481
w: 0.150442477876
Avg 0.221706078866
