B: 0.203271028037
D: 0.190144350422
G: 0.175675675676
i: 0.250403877222
m: 0.145714285714
s: 0.289583333334
b: 0.141281874569
w: 0.151209677419
Avg 0.225636344369
