B: 0.210280373832
D: 0.201592832255
G: 0.189189189189
i: 0.253398255224
m: 0.145462440295
s: 0.294747543206
b: 0.151898734177
w: 0.150000000001
Avg 0.230452924902
