B: 0.213002566297
D: 0.212359166951
G: 0.190379746835
i: 0.255224183404
m: 0.144811115936
s: 0.297816015884
b: 0.156962025318
w: 0.155999999999
Avg 0.233661993454
