B: 0.216424294268
D: 0.218018914883
G: 0.191290824262
i: 0.260096930534
m: 0.151020408163
s: 0.298311605044
b: 0.162025316454
w: 0.157737651097
Avg 0.237090320774
