B: 0.217281879195
D: 0.221981744613
G: 0.192773476276
i: 0.263131262018
m: 0.152040816327
s: 0.303110522832
b: 0.162025316456
w: 0.158772770853
Avg 0.240081787184
