B: 0.222294796429
D: 0.223992035839
G: 0.206842923794
i: 0.263327948305
m: 0.153370439085
s: 0.304166666668
b: 0.164359088879
w: 0.158
Avg 0.241723929128
