B: 0.224978614201
D: 0.231458437035
G: 0.207207207207
i: 0.267366720516
m: 0.153988868275
s: 0.3
b: 0.167088607593
w: 0.160000000001
Avg 0.242710251842
