B: 0.229255774166
D: 0.230434782609
G: 0.207207207207
i: 0.26817447496
m: 0.153988868275
s: 0.299959530554
b: 0.172151898735
w: 0.162853297443
Avg 0.243360925808
