B: 0.231308411215
D: 0.233449477353
G: 0.211508553654
i: 0.26817447496
m: 0.153061224491
s: 0.301786896095
b: 0.177215189873
w: 0.163314561545
Avg 0.244611833337
