G: 0.162162162162
B: 0.205607476635
b: 0.121518987343
D: 0.181682429068
w: 0.150604617076
Avg 0.172044039902
