G: 0.167962674962
B: 0.200375704446
b: 0.13417721519
D: 0.188043478261
w: 0.150740242261
Avg 0.175636198547
