G: 0.189189189189
B: 0.206159110351
b: 0.146835443037
D: 0.190396309499
w: 0.153184165232
Avg 0.182148017693
