G: 0.198198198198
B: 0.206095481671
b: 0.151898734178
D: 0.203260869565
w: 0.157999999999
Avg 0.189562464506
