G: 0.202177293934
B: 0.212273011897
b: 0.159369527145
D: 0.215609647164
w: 0.161507402422
Avg 0.197599019526
