G: 0.203468208092
B: 0.215568862276
b: 0.162025316454
D: 0.221739130435
w: 0.160000000001
Avg 0.200895428502
