G: 0.211711711712
B: 0.223267750214
b: 0.164772727273
D: 0.232951717272
w: 0.163827810468
Avg 0.208777028357
