G: 0.216767154752
B: 0.224299065421
b: 0.162878787879
D: 0.233449477352
w: 0.165429480382
Avg 0.209798687419
