G: 0.220720720721
B: 0.228641975309
b: 0.163744075829
D: 0.238290659292
w: 0.168236877524
Avg 0.213612838403
