G: 0.221126760563
B: 0.232271875837
b: 0.169620253164
D: 0.238043478261
w: 0.169582772544
Avg 0.215269691857
