G: 0.225225225225
B: 0.232310582342
b: 0.172348484849
D: 0.243902439025
w: 0.171198035432
Avg 0.218616762377
